0 4 14 10
0 4 16 10
0 4 18 10
0 4 20 10
0 4 22 10
0 4 24 10
0 6 12 10
0 6 14 10
0 6 16 10
0 6 18 10
0 6 22 10
0 6 24 10
0 6 26 10
0 8 12 10
0 8 14 10
0 8 24 10
0 8 26 10
0 10 10 10
0 10 12 10
0 10 14 10
0 10 26 10
0 10 28 10
0 12 10 10
0 12 12 10
0 12 14 10
0 12 26 10
0 12 28 10
0 14 10 10
0 14 12 10
0 14 14 10
0 14 26 10
0 14 28 10
0 16 10 10
0 16 12 10
0 16 26 10
0 16 28 10
0 18 10 10
0 18 12 10
0 18 26 10
0 18 28 10
0 20 10 10
0 20 12 10
0 20 26 10
0 20 28 10
0 22 10 10
0 22 12 10
0 22 26 10
0 22 28 10
0 24 10 10
0 24 12 10
0 24 26 10
0 24 28 10
0 26 10 10
0 26 12 10
0 26 14 10
0 26 26 10
0 26 28 10
0 28 10 10
0 28 12 10
0 28 14 10
0 28 26 10
0 30 12 10
0 30 14 10
0 30 16 10
0 30 24 10
0 30 26 10
0 32 14 10
0 32 16 10
0 32 18 10
0 32 20 10
0 32 22 10
0 32 24 10
0 34 16 10
0 34 18 10
0 34 20 10
0 34 22 10
1 2 18 10
1 2 20 10
1 2 22 10
1 2 24 10
1 4 14 10
1 4 16 10
1 4 18 10
1 4 20 10
1 4 22 10
1 4 24 10
1 4 26 10
1 6 12 10
1 6 14 10
1 6 16 10
1 6 18 10
1 6 20 10
1 6 22 10
1 6 24 10
1 6 26 10
1 6 28 10
1 8 12 10
1 8 14 10
1 8 16 10
1 8 18 10
1 8 22 10
1 8 24 10
1 8 26 10
1 8 28 10
1 10 12 10
1 10 14 10
1 10 16 10
1 10 18 10
1 10 22 10
1 10 24 10
1 10 26 10
1 10 28 10
1 10 30 10
1 12 12 10
1 12 14 10
1 12 16 10
1 12 18 10
1 12 22 10
1 12 24 10
1 12 26 10
1 12 28 10
1 12 30 10
1 14 12 10
1 14 14 10
1 14 16 10
1 14 18 10
1 14 22 10
1 14 24 10
1 14 26 10
1 14 28 10
1 14 30 10
1 16 12 10
1 16 14 10
1 16 16 10
1 16 18 10
1 16 22 10
1 16 24 10
1 16 26 10
1 16 28 10
1 16 30 10
1 18 12 10
1 18 14 10
1 18 16 10
1 18 18 10
1 18 22 10
1 18 24 10
1 18 26 10
1 18 28 10
1 20 12 10
1 20 14 10
1 20 16 10
1 20 18 10
1 20 22 10
1 20 24 10
1 20 26 10
1 20 28 10
1 22 12 10
1 22 14 10
1 22 16 10
1 22 18 10
1 22 22 10
1 22 24 10
1 22 26 10
1 22 28 10
1 24 12 10
1 24 14 10
1 24 16 10
1 24 18 10
1 24 22 10
1 24 24 10
1 24 26 10
1 24 28 10
1 26 12 10
1 26 14 10
1 26 16 10
1 26 18 10
1 26 22 10
1 26 24 10
1 26 26 10
1 26 28 10
1 28 12 10
1 28 14 10
1 28 16 10
1 28 18 10
1 28 22 10
1 28 24 10
1 28 26 10
1 28 28 10
1 30 12 10
1 30 14 10
1 30 16 10
1 30 18 10
1 30 22 10
1 30 24 10
1 30 26 10
1 30 28 10
1 32 14 10
1 32 16 10
1 32 18 10
1 32 20 10
1 32 22 10
1 32 24 10
1 32 26 10
1 34 16 10
1 34 18 10
1 34 20 10
1 34 22 10
1 34 24 10
2 6 18 9
2 6 20 9
2 6 22 9
2 8 14 9
2 8 16 9
2 8 18 9
2 8 20 9
2 8 22 9
2 8 24 9
2 8 26 9
2 10 14 9
2 10 16 9
2 10 24 9
2 10 26 9
2 12 12 9
2 12 14 9
2 12 16 9
2 12 26 9
2 12 28 9
2 14 12 9
2 14 14 9
2 14 16 9
2 14 26 9
2 14 28 9
2 16 12 9
2 16 14 9
2 16 16 9
2 16 26 9
2 16 28 9
2 18 12 9
2 18 14 9
2 18 16 9
2 18 24 9
2 18 26 9
2 18 28 9
2 18 30 9
2 20 14 9
2 20 16 9
2 20 24 9
2 20 26 9
2 20 28 9
2 20 30 9
2 22 14 9
2 22 16 9
2 22 18 9
2 22 20 9
2 22 22 9
2 22 24 9
2 22 26 9
2 22 28 9
2 22 30 9
2 24 16 9
2 24 18 9
2 24 20 9
2 24 26 9
2 24 28 9
2 26 26 9
2 26 28 9
2 26 30 9
2 28 12 9
2 28 14 9
2 28 26 9
2 28 28 9
2 30 12 9
2 30 14 9
2 30 24 9
2 30 26 9
2 30 28 9
2 32 12 9
2 32 14 9
2 32 16 9
2 32 24 9
2 32 26 9
2 32 28 9
2 34 14 9
2 34 16 9
2 34 18 9
2 34 20 9
2 34 22 9
2 34 24 9
2 34 26 9
2 36 14 9
2 36 16 9
2 36 18 9
2 36 20 9
2 36 22 9
2 36 24 9
2 38 18 9
2 38 20 9
3 8 18 1
3 8 20 1
3 10 16 1
3 10 18 1
3 10 20 1
3 12 18 1
3 12 20 1
3 14 18 1
3 14 20 1
3 14 22 1
3 16 18 1
3 16 20 1
3 16 22 1
3 18 18 1
3 18 20 1
3 18 22 1
3 20 18 1
3 20 20 1
3 20 22 1
3 22 18 1
3 22 20 1
3 22 22 1
3 24 18 1
3 24 20 1
3 24 22 1
3 26 18 1
3 26 20 1
3 26 22 1
3 28 18 1
3 28 20 1
3 28 22 1
3 30 18 1
3 30 20 1
3 30 22 1
3 32 18 1
3 32 20 1
3 32 22 1
3 34 18 1
3 34 20 1
3 34 22 1
3 36 18 1
3 36 20 1
3 36 22 1
3 38 16 1
3 38 18 1
3 38 20 1
3 38 22 1
3 38 24 1
4 2 22 1
4 2 24 1
4 4 20 1
4 4 22 1
4 4 24 1
4 6 18 1
4 6 20 1
4 6 22 1
4 8 18 1
4 8 20 1
4 8 22 1
4 10 16 1
4 10 20 1
4 10 22 1
4 12 20 1
4 12 22 1
4 14 20 1
4 14 22 1
4 16 20 1
4 16 22 1
4 18 20 1
4 18 22 1
4 20 20 1
4 20 22 1
4 22 20 1
4 22 22 1
4 24 20 1
4 24 22 1
4 26 20 1
4 26 22 1
4 28 20 1
4 28 22 1
4 30 20 1
4 30 22 1
4 32 20 1
4 32 22 1
4 34 20 1
4 34 22 1
4 34 24 1
5 0 20 1
5 0 22 1
5 2 18 1
5 2 20 1
5 2 22 1
5 4 16 1
5 4 18 1
5 4 20 1
5 4 22 1
5 6 16 1
5 6 18 1
5 6 20 1
5 6 22 1
5 8 16 1
5 8 18 1
5 8 20 1
5 8 22 1
5 10 18 1
5 10 20 1
5 10 22 1
5 12 18 1
5 12 20 1
5 12 22 1
5 14 18 1
5 14 20 1
5 14 22 1
5 16 18 1
5 16 20 1
5 16 22 1
5 18 18 1
5 18 20 1
5 18 22 1
5 20 20 1
5 22 20 1
5 24 20 1
5 26 20 1
5 28 20 1
5 30 20 1
5 30 22 1
5 32 18 1
5 32 20 1
5 32 22 1
6 8 20 1
6 8 22 1
6 10 18 1
6 10 20 1
6 10 22 1
6 12 22 1
6 14 20 1
6 14 22 1
6 16 20 1
6 16 22 1
6 18 20 1
6 18 22 1
6 20 22 1
6 22 22 1
6 24 22 1
6 24 24 1
6 26 22 1
6 26 24 1
6 28 22 1
6 28 24 1
6 30 20 1
6 30 22 1
6 32 20 1
6 32 22 1
6 32 24 1
6 34 20 1
6 34 22 1
6 34 24 1
6 36 20 1
6 36 22 1
6 36 24 1
6 38 20 1
6 38 22 1
6 38 24 1
7 6 24 1
7 6 26 1
7 8 24 1
7 8 26 1
7 10 24 1
7 12 24 1
7 14 22 1
7 14 24 1
7 16 22 1
7 18 22 1
7 20 20 1
7 20 22 1
7 22 20 1
7 24 18 1
7 24 20 1
7 26 18 1
7 28 18 1
7 30 16 1
7 30 18 1
7 32 16 1
7 34 14 1
7 34 16 1
8 6 24 1
8 8 22 1
8 8 24 1
8 10 20 1
8 10 22 1
8 10 24 1
8 12 16 1
8 12 18 1
8 12 20 1
8 12 22 1
8 12 24 1
8 14 14 1
8 14 16 1
8 14 18 1
8 14 24 1
8 16 24 1
8 18 24 1
8 20 24 1
8 22 24 1
8 24 24 1
8 26 24 1
8 28 24 1
8 30 24 1
8 32 24 1
8 34 24 1
9 6 22 1
9 6 24 1
9 8 16 1
9 8 18 1
9 8 20 1
9 8 22 1
9 8 24 1
9 8 26 1
9 10 14 1
9 10 16 1
9 10 18 1
9 10 20 1
9 10 22 1
9 10 24 1
9 10 26 1
9 12 18 1
9 12 20 1
9 12 22 1
9 12 24 1
9 12 26 1
9 14 20 1
9 14 22 1
9 14 24 1
9 14 26 1
9 16 20 1
9 16 22 1
9 16 24 1
9 16 26 1
9 18 20 1
9 18 22 1
9 18 24 1
9 18 26 1
9 20 20 1
9 20 22 1
9 20 24 1
9 20 26 1
9 22 20 1
9 22 22 1
9 22 24 1
9 22 26 1
9 24 20 1
9 24 22 1
9 24 24 1
9 24 26 1
9 26 20 1
9 26 22 1
9 26 24 1
9 26 26 1
9 28 20 1
9 28 22 1
9 28 24 1
9 28 26 1
9 30 20 1
9 30 22 1
9 30 24 1
9 30 26 1
9 32 20 1
9 32 22 1
9 32 24 1
9 32 26 1
9 34 20 1
9 34 22 1
9 34 24 1
9 34 26 1
9 36 20 1
9 36 22 1
9 36 24 1
9 36 26 1
9 38 20 1
10 4 22 1
10 6 12 1
10 6 14 1
10 6 16 1
10 6 18 1
10 6 20 1
10 6 22 1
10 8 12 1
10 8 14 1
10 8 16 1
10 8 18 1
10 8 20 1
10 8 22 1
10 10 12 1
10 10 18 1
10 10 20 1
10 10 22 1
10 12 18 1
10 12 20 1
10 12 22 1
10 14 18 1
10 14 20 1
10 14 22 1
10 16 18 1
10 16 20 1
10 16 22 1
10 18 18 1
10 18 20 1
10 18 22 1
10 20 18 1
10 20 20 1
10 20 22 1
10 22 18 1
10 22 20 1
10 22 22 1
10 24 18 1
10 24 20 1
10 24 22 1
10 26 18 1
10 26 20 1
10 26 22 1
10 28 18 1
10 28 20 1
10 28 22 1
10 30 18 1
10 30 20 1
10 30 22 1
10 32 12 1
10 32 14 1
10 32 16 1
10 32 18 1
10 32 20 1
10 32 22 1
10 32 24 1
10 32 26 1
10 32 28 1
10 34 12 1
10 34 14 1
10 34 16 1
10 34 18 1
10 34 20 1
10 34 22 1
10 34 24 1
10 34 26 1
10 34 28 1
10 36 12 1
10 36 14 1
10 36 16 1
11 8 20 1
11 10 18 1
11 10 20 1
11 12 16 1
11 12 18 1
11 12 20 1
11 12 22 1
11 12 24 1
11 14 18 1
11 14 20 1
11 14 22 1
11 16 20 1
11 16 22 1
11 18 20 1
11 18 22 1
11 20 20 1
11 20 22 1
11 22 20 1
11 22 22 1
11 24 20 1
11 24 22 1
11 26 20 1
11 26 22 1
11 28 20 1
11 28 22 1
11 30 20 1
11 30 22 1
11 32 20 1
12 10 18 10
12 10 20 10
12 10 22 10
12 10 24 10
12 10 26 10
12 12 12 10
12 12 14 10
12 12 16 10
12 12 18 10
12 12 20 10
12 12 22 10
12 12 24 10
12 12 26 10
12 12 28 10
12 12 30 10
12 12 32 10
12 14 10 10
12 14 12 10
12 14 14 10
12 14 16 10
12 14 24 10
12 14 26 10
12 14 28 10
12 14 30 10
12 14 32 10
12 14 34 10
12 14 36 10
12 16 8 10
12 16 10 10
12 16 12 10
12 16 14 10
12 16 26 10
12 16 28 10
12 16 30 10
12 16 32 10
12 16 34 10
12 16 36 10
12 16 38 10
12 18 6 10
12 18 8 10
12 18 10 10
12 18 12 10
12 18 14 10
12 18 26 10
12 18 28 10
12 18 30 10
12 18 32 10
12 18 34 10
12 18 36 10
12 18 38 10
12 20 6 10
12 20 8 10
12 20 10 10
12 20 12 10
12 20 14 10
12 20 26 10
12 20 28 10
12 20 30 10
12 20 32 10
12 20 34 10
12 20 36 10
12 20 38 10
12 22 6 10
12 22 8 10
12 22 10 10
12 22 12 10
12 22 14 10
12 22 26 10
12 22 28 10
12 22 30 10
12 22 32 10
12 22 34 10
12 22 36 10
12 22 38 10
12 24 6 10
12 24 8 10
12 24 10 10
12 24 12 10
12 24 14 10
12 24 26 10
12 24 28 10
12 24 30 10
12 24 32 10
12 24 34 10
12 24 36 10
12 24 38 10
12 26 8 10
12 26 10 10
12 26 12 10
12 26 14 10
12 26 16 10
12 26 24 10
12 26 26 10
12 26 28 10
12 26 30 10
12 26 32 10
12 26 34 10
12 26 36 10
12 26 38 10
12 28 10 10
12 28 12 10
12 28 14 10
12 28 16 10
12 28 18 10
12 28 20 10
12 28 22 10
12 28 24 10
12 28 26 10
12 28 28 10
12 28 30 10
12 28 32 10
12 28 34 10
12 28 36 10
12 30 14 10
12 30 16 10
12 30 18 10
12 30 20 10
12 30 22 10
12 30 24 10
12 30 26 10
12 30 28 10
12 30 30 10
12 30 32 10
13 4 18 1
13 4 20 1
13 4 22 1
13 6 16 1
13 6 18 1
13 6 20 1
13 6 22 1
13 8 14 1
13 8 16 1
13 8 18 1
13 8 20 1
13 8 22 1
13 10 12 1
13 10 14 1
13 10 16 1
13 10 18 1
13 10 20 1
13 10 22 1
13 12 12 1
13 12 14 1
13 12 20 1
13 12 22 1
13 14 20 1
13 14 22 1
13 16 20 1
13 16 22 1
13 18 20 1
13 18 22 1
13 20 20 1
13 20 22 1
13 22 20 1
13 22 22 1
13 24 20 1
13 24 22 1
13 26 20 1
13 26 22 1
13 28 20 1
13 28 22 1
13 30 20 1
13 30 22 1
13 32 14 1
13 32 16 1
13 32 18 1
13 32 20 1
13 32 22 1
13 32 24 1
13 32 26 1
13 34 14 1
13 34 16 1
14 4 14 2
14 4 16 2
14 4 20 2
14 4 22 2
14 6 12 2
14 6 24 2
14 8 12 2
14 8 26 2
14 10 12 2
14 10 26 2
14 12 12 2
14 12 14 2
14 12 26 2
14 12 28 2
14 14 12 2
14 14 14 2
14 14 26 2
14 16 26 2
14 18 24 2
14 18 26 2
14 20 24 2
14 22 22 2
14 24 20 2
14 26 18 2
14 28 16 2
14 30 14 2
14 30 26 2
14 32 12 2
14 32 18 2
14 32 20 2
14 32 22 2
14 32 24 2
14 32 26 2
14 34 12 2
14 34 14 2
14 34 16 2
14 34 18 2
14 34 20 2
15 4 22 2
15 6 14 2
15 6 16 2
15 6 18 2
15 6 20 2
15 6 22 2
15 6 24 2
15 6 26 2
15 8 12 2
15 8 14 2
15 8 24 2
15 8 26 2
15 8 28 2
15 10 26 2
15 10 28 2
15 10 30 2
15 12 26 2
15 12 28 2
15 12 30 2
15 14 26 2
15 14 28 2
15 14 30 2
15 16 26 2
15 16 28 2
15 18 24 2
15 18 26 2
15 18 28 2
15 20 22 2
15 20 24 2
15 20 26 2
15 22 20 2
15 22 22 2
15 22 24 2
15 24 18 2
15 24 20 2
15 24 22 2
15 26 16 2
15 26 18 2
15 26 20 2
15 28 14 2
15 28 16 2
15 30 12 2
15 30 14 2
15 32 12 2
15 32 14 2
15 34 12 2
15 34 14 2
15 34 16 2
15 34 18 2
15 36 12 2
15 36 14 2
15 36 16 2
15 36 18 2
15 36 20 2
15 36 22 2
15 36 24 2
15 36 26 2
15 36 28 2
15 36 30 2
15 38 26 2
15 38 28 2
15 38 30 2
16 8 16 2
16 8 18 2
16 8 20 2
16 8 22 2
16 8 24 2
16 8 26 2
16 10 14 2
16 10 26 2
16 10 28 2
16 12 28 2
16 14 28 2
16 16 26 2
16 16 28 2
16 18 26 2
16 18 28 2
16 20 24 2
16 20 26 2
16 22 22 2
16 22 24 2
16 24 20 2
16 24 22 2
16 26 18 2
16 26 20 2
16 28 16 2
16 28 18 2
16 30 14 2
16 30 16 2
16 32 12 2
16 32 14 2
16 34 12 2
16 34 14 2
16 36 10 2
16 36 12 2
16 36 14 2
16 36 16 2
16 36 18 2
16 36 20 2
16 36 22 2
16 36 24 2
16 36 26 2
16 38 12 2
16 38 14 2
16 38 16 2
16 38 18 2
16 38 20 2
16 38 22 2
16 38 24 2
16 38 26 2
16 38 28 2
16 38 30 2
16 38 32 2
17 4 12 2
17 4 14 2
17 4 16 2
17 4 18 2
17 4 20 2
17 4 22 2
17 4 24 2
17 6 12 2
17 6 14 2
17 6 16 2
17 6 18 2
17 6 20 2
17 6 22 2
17 6 24 2
17 6 26 2
17 8 12 2
17 8 24 2
17 8 26 2
17 10 12 2
17 10 24 2
17 10 26 2
17 10 28 2
17 12 10 2
17 12 26 2
17 12 28 2
17 14 26 2
17 14 28 2
17 16 26 2
17 18 24 2
17 18 26 2
17 20 24 2
17 22 22 2
17 24 20 2
17 26 18 2
17 28 16 2
17 30 28 2
17 32 14 2
17 32 16 2
17 32 18 2
17 32 20 2
17 32 22 2
17 32 24 2
17 32 26 2
17 32 28 2
17 34 12 2
17 34 14 2
17 34 16 2
17 34 18 2
17 34 20 2
17 34 22 2
17 34 24 2
18 6 14 2
18 6 16 2
18 6 18 2
18 6 20 2
18 6 22 2
18 6 24 2
18 8 12 2
18 8 14 2
18 8 16 2
18 8 22 2
18 8 24 2
18 8 26 2
18 10 12 2
18 10 14 2
18 10 24 2
18 10 26 2
18 10 28 2
18 12 24 2
18 12 26 2
18 12 28 2
18 14 24 2
18 14 26 2
18 16 24 2
18 16 26 2
18 18 22 2
18 18 24 2
18 18 26 2
18 20 20 2
18 20 22 2
18 20 24 2
18 22 20 2
18 22 22 2
18 24 18 2
18 24 20 2
18 24 22 2
18 26 16 2
18 26 18 2
18 26 20 2
18 28 16 2
18 28 18 2
18 30 14 2
18 30 16 2
18 30 18 2
18 32 14 2
18 32 16 2
18 34 12 2
18 34 14 2
18 34 16 2
18 34 18 2
18 34 20 2
18 34 22 2
18 34 24 2
18 34 26 2
18 34 28 2
18 34 30 2
18 36 12 2
18 36 14 2
18 36 16 2
18 36 18 2
18 36 20 2
18 36 22 2
18 36 24 2
18 36 26 2
18 36 28 2
18 36 30 2
19 4 14 2
19 4 16 2
19 4 20 2
19 4 22 2
19 4 24 2
19 6 12 2
19 6 14 2
19 6 24 2
19 6 26 2
19 8 12 2
19 8 26 2
19 8 28 2
19 10 12 2
19 10 26 2
19 10 28 2
19 12 12 2
19 12 14 2
19 12 26 2
19 12 28 2
19 14 12 2
19 14 14 2
19 14 26 2
19 14 28 2
19 16 26 2
19 18 24 2
19 18 26 2
19 20 24 2
19 22 22 2
19 24 20 2
19 26 18 2
19 28 16 2
19 30 14 2
19 30 26 2
19 32 12 2
19 32 16 2
19 32 18 2
19 32 20 2
19 32 22 2
19 32 24 2
19 32 26 2
19 34 12 2
19 34 14 2
19 34 16 2
19 34 18 2
20 6 18 2
20 6 20 2
20 6 22 2
20 8 14 2
20 8 24 2
20 10 12 2
20 10 14 2
20 10 26 2
20 12 12 2
20 12 14 2
20 12 26 2
20 14 12 2
20 14 14 2
20 14 26 2
20 14 28 2
20 16 26 2
20 18 24 2
20 18 26 2
20 20 24 2
20 22 22 2
20 24 20 2
20 26 18 2
20 28 16 2
20 28 28 2
20 30 14 2
20 30 28 2
20 32 12 2
20 32 14 2
20 32 28 2
20 34 12 2
20 34 22 2
20 34 24 2
20 34 26 2
20 34 28 2
20 36 10 2
20 36 12 2
20 36 14 2
20 36 16 2
20 36 18 2
20 36 20 2
20 36 22 2
20 36 24 2
20 36 26 2
20 36 28 2
20 38 10 2
20 38 12 2
20 38 14 2
20 38 16 2
20 38 18 2
21 4 10 2
21 4 12 2
21 4 14 2
21 4 16 2
21 4 18 2
21 4 20 2
21 4 22 2
21 4 24 2
21 4 26 2
21 4 28 2
21 6 8 2
21 6 10 2
21 6 26 2
21 6 28 2
21 6 30 2
21 8 6 2
21 8 8 2
21 8 10 2
21 8 12 2
21 8 14 2
21 8 16 2
21 8 26 2
21 8 28 2
21 8 30 2
21 8 32 2
21 10 6 2
21 10 8 2
21 10 10 2
21 10 12 2
21 10 14 2
21 10 16 2
21 10 18 2
21 10 26 2
21 10 28 2
21 10 30 2
21 10 32 2
21 10 34 2
21 12 6 2
21 12 8 2
21 12 10 2
21 12 12 2
21 12 14 2
21 12 16 2
21 12 18 2
21 12 26 2
21 12 28 2
21 12 30 2
21 12 32 2
21 12 34 2
21 14 8 2
21 14 10 2
21 14 12 2
21 14 14 2
21 14 16 2
21 14 18 2
21 14 24 2
21 14 26 2
21 14 28 2
21 14 30 2
21 14 32 2
21 14 34 2
21 16 12 2
21 16 14 2
21 16 16 2
21 16 24 2
21 16 26 2
21 16 28 2
21 16 30 2
21 16 32 2
21 18 20 2
21 18 22 2
21 18 24 2
21 18 26 2
21 18 28 2
21 18 30 2
21 20 12 2
21 20 14 2
21 20 16 2
21 20 18 2
21 20 20 2
21 20 22 2
21 20 24 2
21 20 26 2
21 20 28 2
21 22 8 2
21 22 10 2
21 22 12 2
21 22 14 2
21 22 16 2
21 22 18 2
21 24 8 2
21 24 10 2
21 24 12 2
21 24 30 2
21 24 32 2
21 26 6 2
21 26 8 2
21 26 10 2
21 26 30 2
21 26 32 2
21 26 34 2
21 28 6 2
21 28 8 2
21 28 10 2
21 28 12 2
21 28 14 2
21 28 16 2
21 28 18 2
21 28 20 2
21 28 22 2
21 28 24 2
21 28 32 2
21 28 34 2
21 30 6 2
21 30 8 2
21 30 10 2
21 30 12 2
21 30 14 2
21 30 16 2
21 30 18 2
21 30 20 2
21 30 22 2
21 30 24 2
21 30 26 2
21 30 28 2
21 30 30 2
21 30 32 2
21 32 6 2
21 32 8 2
21 32 10 2
21 32 20 2
21 32 22 2
21 32 24 2
21 32 26 2
21 32 28 2
21 32 30 2
21 32 32 2
21 34 6 2
21 34 8 2
22 4 18 10
22 4 20 10
22 4 22 10
22 6 16 10
22 6 24 10
22 8 14 10
22 8 24 10
22 8 26 10
22 10 12 10
22 10 14 10
22 10 24 10
22 10 26 10
22 12 12 10
22 12 14 10
22 12 26 10
22 12 28 10
22 14 12 10
22 14 14 10
22 14 26 10
22 14 28 10
22 16 12 10
22 16 14 10
22 16 26 10
22 16 28 10
22 18 10 10
22 18 12 10
22 18 14 10
22 18 26 10
22 18 28 10
22 20 10 10
22 20 12 10
22 20 14 10
22 20 26 10
22 20 28 10
22 22 10 10
22 22 12 10
22 22 14 10
22 22 26 10
22 22 28 10
22 24 12 10
22 24 14 10
22 24 26 10
22 24 28 10
22 26 12 10
22 26 14 10
22 26 26 10
22 26 28 10
22 28 12 10
22 28 14 10
22 28 26 10
22 28 28 10
22 30 14 10
22 30 24 10
22 30 26 10
22 32 14 10
22 32 16 10
22 32 24 10
22 34 16 10
22 34 18 10
22 34 22 10
22 34 24 10
23 6 20 2
23 6 22 2
23 6 24 2
23 8 16 2
23 8 26 2
23 10 14 2
23 10 26 2
23 10 28 2
23 12 14 2
23 12 26 2
23 12 28 2
23 14 14 2
23 14 26 2
23 14 28 2
23 16 26 2
23 16 28 2
23 18 26 2
23 20 24 2
23 22 22 2
23 24 20 2
23 26 18 2
23 28 16 2
23 30 14 2
23 30 30 2
23 32 12 2
23 32 30 2
23 34 12 2
23 34 14 2
23 34 30 2
23 36 12 2
23 36 14 2
23 36 16 2
23 36 18 2
23 36 20 2
23 36 22 2
23 36 24 2
23 36 26 2
23 36 28 2
23 36 30 2
23 38 18 2
23 38 20 2
23 38 22 2
23 38 24 2
23 38 26 2
23 38 28 2
23 38 30 2
24 8 12 3
24 8 14 3
24 8 22 3
24 10 12 3
24 10 24 3
24 12 12 3
24 12 24 3
24 12 26 3
24 14 12 3
24 14 14 3
24 14 24 3
24 14 26 3
24 16 18 3
24 16 20 3
24 16 22 3
24 16 24 3
24 18 22 3
24 18 24 3
24 20 24 3
24 20 26 3
24 22 26 3
24 22 28 3
24 24 26 3
24 24 28 3
24 26 12 3
24 26 26 3
24 26 28 3
24 28 8 3
24 28 10 3
24 28 26 3
24 28 28 3
24 30 8 3
24 30 10 3
24 30 26 3
24 30 28 3
24 32 8 3
24 32 10 3
24 32 12 3
24 32 26 3
24 32 28 3
24 34 8 3
24 34 10 3
24 34 12 3
24 34 22 3
24 34 24 3
24 34 26 3
24 36 10 3
24 36 12 3
24 36 14 3
24 36 16 3
24 36 18 3
24 36 20 3
24 36 22 3
24 38 24 3
25 8 16 3
25 8 18 3
25 8 20 3
25 8 22 3
25 8 24 3
25 10 14 3
25 10 16 3
25 10 24 3
25 10 26 3
25 12 12 3
25 12 14 3
25 12 26 3
25 12 28 3
25 14 12 3
25 14 14 3
25 14 26 3
25 14 28 3
25 16 24 3
25 16 26 3
25 16 28 3
25 18 22 3
25 18 24 3
25 18 26 3
25 20 18 3
25 20 20 3
25 20 22 3
25 20 24 3
25 22 22 3
25 22 24 3
25 22 26 3
25 22 28 3
25 24 26 3
25 24 28 3
25 24 30 3
25 26 10 3
25 26 12 3
25 26 28 3
25 26 30 3
25 28 10 3
25 28 12 3
25 28 28 3
25 28 30 3
25 30 10 3
25 30 12 3
25 30 14 3
25 30 28 3
25 30 30 3
25 32 10 3
25 32 12 3
25 32 14 3
25 32 26 3
25 32 28 3
25 32 30 3
25 34 10 3
25 34 12 3
25 34 14 3
25 34 16 3
25 34 26 3
25 34 28 3
25 34 30 3
25 36 12 3
25 36 14 3
25 36 16 3
25 36 18 3
25 36 20 3
25 36 22 3
25 36 24 3
25 36 26 3
25 36 28 3
25 38 14 3
25 38 16 3
25 38 18 3
25 38 20 3
25 38 22 3
25 38 24 3
25 38 26 3
26 0 14 3
26 0 16 3
26 0 18 3
26 0 20 3
26 0 22 3
26 0 24 3
26 0 26 3
26 2 10 3
26 2 12 3
26 2 14 3
26 2 16 3
26 2 18 3
26 2 20 3
26 2 22 3
26 2 24 3
26 2 26 3
26 2 28 3
26 2 30 3
26 4 10 3
26 4 12 3
26 4 14 3
26 4 16 3
26 4 18 3
26 4 20 3
26 4 22 3
26 4 24 3
26 4 26 3
26 4 28 3
26 4 30 3
26 6 10 3
26 6 12 3
26 6 24 3
26 6 26 3
26 6 28 3
26 6 30 3
26 6 32 3
26 8 24 3
26 8 26 3
26 8 28 3
26 8 30 3
26 8 32 3
26 10 26 3
26 10 28 3
26 10 30 3
26 10 32 3
26 12 24 3
26 12 26 3
26 12 28 3
26 12 30 3
26 14 24 3
26 14 26 3
26 14 28 3
26 14 30 3
26 16 20 3
26 16 22 3
26 16 24 3
26 16 26 3
26 16 28 3
26 18 14 3
26 18 16 3
26 18 18 3
26 18 20 3
26 18 22 3
26 18 24 3
26 20 14 3
26 20 16 3
26 20 18 3
26 20 20 3
26 20 22 3
26 20 24 3
26 20 26 3
26 22 22 3
26 22 24 3
26 22 26 3
26 22 28 3
26 24 24 3
26 24 26 3
26 24 28 3
26 26 24 3
26 26 26 3
26 26 28 3
26 26 30 3
26 28 24 3
26 28 26 3
26 28 28 3
26 30 12 3
26 30 14 3
26 30 16 3
26 30 18 3
26 30 20 3
26 30 22 3
26 30 24 3
26 30 26 3
26 30 28 3
26 32 14 3
26 32 16 3
26 32 18 3
26 32 20 3
26 32 22 3
26 32 24 3
27 0 18 3
27 0 20 3
27 0 22 3
27 0 24 3
27 0 26 3
27 2 14 3
27 2 16 3
27 2 24 3
27 2 26 3
27 2 28 3
27 4 12 3
27 4 14 3
27 4 26 3
27 4 28 3
27 6 12 3
27 6 26 3
27 6 28 3
27 8 12 3
27 8 14 3
27 8 26 3
27 8 28 3
27 10 12 3
27 10 14 3
27 10 26 3
27 10 28 3
27 12 14 3
27 12 26 3
27 12 28 3
27 14 26 3
27 14 28 3
27 16 24 3
27 16 26 3
27 18 18 3
27 18 20 3
27 18 22 3
27 20 22 3
27 20 24 3
27 22 26 3
27 24 26 3
27 24 28 3
27 26 14 3
27 26 26 3
27 26 28 3
27 28 14 3
27 28 26 3
27 28 28 3
27 30 14 3
27 30 26 3
27 32 18 3
27 32 20 3
27 32 22 3
27 32 24 3
28 0 12 3
28 0 14 3
28 0 16 3
28 0 18 3
28 0 20 3
28 2 12 3
28 2 14 3
28 2 16 3
28 2 18 3
28 2 20 3
28 2 22 3
28 4 12 3
28 4 14 3
28 4 16 3
28 4 18 3
28 4 20 3
28 4 22 3
28 4 24 3
28 6 12 3
28 6 22 3
28 6 24 3
28 6 26 3
28 8 24 3
28 8 26 3
28 10 24 3
28 10 26 3
28 12 24 3
28 12 26 3
28 14 24 3
28 14 26 3
28 16 22 3
28 16 24 3
28 16 26 3
28 18 16 3
28 18 18 3
28 18 20 3
28 18 22 3
28 18 24 3
28 20 16 3
28 20 18 3
28 20 20 3
28 20 22 3
28 20 24 3
28 22 24 3
28 22 26 3
28 24 24 3
28 24 26 3
28 26 26 3
28 28 24 3
28 28 26 3
28 30 12 3
28 30 14 3
28 30 22 3
28 30 24 3
28 32 12 3
28 32 14 3
28 32 16 3
28 32 18 3
28 32 20 3
28 32 22 3
29 6 14 3
29 6 16 3
29 6 18 3
29 6 20 3
29 6 22 3
29 6 24 3
29 8 12 3
29 8 14 3
29 8 24 3
29 8 26 3
29 10 12 3
29 10 26 3
29 12 10 3
29 12 12 3
29 12 26 3
29 14 26 3
29 16 26 3
29 18 18 3
29 18 20 3
29 18 22 3
29 18 24 3
29 20 24 3
29 20 26 3
29 22 26 3
29 22 28 3
29 24 28 3
29 26 28 3
29 28 10 3
29 28 12 3
29 28 28 3
29 30 10 3
29 30 12 3
29 30 28 3
29 32 10 3
29 32 12 3
29 32 26 3
29 34 12 3
29 34 14 3
29 34 16 3
29 34 22 3
29 34 24 3
29 36 14 3
29 36 16 3
29 36 18 3
29 36 20 3
29 36 22 3
30 8 18 3
30 8 20 3
30 8 22 3
30 10 14 3
30 10 16 3
30 10 22 3
30 10 24 3
30 12 24 3
30 12 26 3
30 14 24 3
30 14 26 3
30 16 24 3
30 18 22 3
30 20 18 3
30 20 20 3
30 20 22 3
30 20 24 3
30 20 26 3
30 22 24 3
30 22 26 3
30 24 26 3
30 24 28 3
30 26 26 3
30 26 28 3
30 28 26 3
30 28 28 3
30 30 26 3
30 30 28 3
30 32 26 3
30 34 14 3
30 34 24 3
30 34 26 3
30 36 10 3
30 36 12 3
30 36 14 3
30 36 16 3
30 36 18 3
30 36 20 3
30 36 22 3
30 36 24 3
30 38 10 3
30 38 12 3
30 38 14 3
30 38 16 3
30 38 18 3
30 38 20 3
31 6 18 3
31 6 20 3
31 8 14 3
31 8 22 3
31 8 24 3
31 10 24 3
31 12 24 3
31 14 24 3
31 16 22 3
31 18 20 3
31 18 22 3
31 20 22 3
31 20 24 3
31 22 24 3
31 22 26 3
31 24 26 3
31 26 26 3
31 28 26 3
31 30 26 3
31 34 24 3
31 36 12 3
31 36 20 3
31 36 22 3
31 38 12 3
31 38 14 3
31 38 16 3
31 38 18 3
32 2 20 3
32 4 18 3
32 4 22 3
32 4 24 3
32 6 16 3
32 6 18 3
32 6 22 3
32 6 24 3
32 6 26 3
32 8 16 3
32 8 18 3
32 8 22 3
32 8 24 3
32 8 26 3
32 10 16 3
32 10 18 3
32 10 22 3
32 10 24 3
32 12 16 3
32 12 18 3
32 12 22 3
32 12 24 3
32 14 16 3
32 14 22 3
32 14 24 3
32 16 22 3
32 16 24 3
32 18 22 3
32 18 24 3
32 20 22 3
32 20 24 3
32 22 22 3
32 22 24 3
32 24 22 3
32 24 24 3
32 26 16 3
32 26 18 3
32 26 22 3
32 26 24 3
32 28 16 3
32 28 18 3
32 28 22 3
32 28 24 3
32 30 16 3
32 30 18 3
32 30 22 3
32 30 24 3
32 32 16 3
32 32 18 3
32 32 22 3
32 32 24 3
32 34 18 3
32 34 20 3
32 34 22 3
33 4 24 4
33 4 26 4
33 6 22 4
33 6 24 4
33 6 26 4
33 8 20 4
33 8 22 4
33 8 24 4
33 8 26 4
33 10 20 4
33 10 24 4
33 10 26 4
33 12 18 4
33 12 20 4
33 12 24 4
33 12 26 4
33 14 18 4
33 14 24 4
33 14 26 4
33 16 16 4
33 16 18 4
33 16 24 4
33 16 26 4
33 18 14 4
33 18 16 4
33 18 24 4
33 18 26 4
33 20 14 4
33 20 24 4
33 20 26 4
33 22 12 4
33 22 14 4
33 22 24 4
33 22 26 4
33 24 10 4
33 24 12 4
33 24 24 4
33 24 26 4
33 26 10 4
33 26 12 4
33 26 14 4
33 26 16 4
33 26 18 4
33 26 20 4
33 26 22 4
33 26 24 4
33 26 26 4
33 26 28 4
33 26 30 4
33 26 32 4
33 28 22 4
33 28 24 4
33 28 26 4
33 28 28 4
33 28 30 4
33 28 32 4
33 30 24 4
33 30 26 4
33 30 28 4
33 32 24 4
33 32 26 4
33 32 28 4
33 34 24 4
33 34 26 4
33 34 28 4
33 36 24 4
33 36 26 4
33 36 28 4
33 38 24 4
33 38 26 4
33 38 28 4
34 6 22 4
34 6 24 4
34 8 20 4
34 8 22 4
34 8 24 4
34 10 20 4
34 10 22 4
34 10 24 4
34 12 18 4
34 12 20 4
34 12 22 4
34 12 24 4
34 14 16 4
34 14 18 4
34 14 20 4
34 14 22 4
34 14 24 4
34 16 16 4
34 16 18 4
34 16 22 4
34 16 24 4
34 18 14 4
34 18 16 4
34 18 22 4
34 18 24 4
34 20 14 4
34 20 16 4
34 20 22 4
34 20 24 4
34 22 12 4
34 22 14 4
34 22 22 4
34 22 24 4
34 22 26 4
34 24 10 4
34 24 12 4
34 24 22 4
34 24 24 4
34 24 26 4
34 26 10 4
34 26 12 4
34 26 14 4
34 26 16 4
34 26 18 4
34 26 20 4
34 26 22 4
34 26 24 4
34 26 26 4
34 26 28 4
34 26 30 4
34 28 10 4
34 28 12 4
34 28 14 4
34 28 16 4
34 28 18 4
34 28 20 4
34 28 22 4
34 28 24 4
34 28 26 4
34 28 28 4
34 28 30 4
34 30 22 4
34 30 24 4
34 30 26 4
34 32 22 4
34 32 24 4
34 32 26 4
34 34 22 4
34 34 24 4
34 34 26 4
34 36 22 4
34 36 24 4
34 36 26 4
35 4 24 4
35 4 26 4
35 6 22 4
35 6 24 4
35 6 26 4
35 8 20 4
35 8 22 4
35 8 24 4
35 8 26 4
35 10 20 4
35 10 24 4
35 10 26 4
35 12 18 4
35 12 20 4
35 12 24 4
35 12 26 4
35 14 16 4
35 14 18 4
35 14 24 4
35 14 26 4
35 16 16 4
35 16 24 4
35 16 26 4
35 18 14 4
35 18 24 4
35 18 26 4
35 20 12 4
35 20 14 4
35 20 24 4
35 20 26 4
35 22 10 4
35 22 12 4
35 22 24 4
35 22 26 4
35 24 10 4
35 24 12 4
35 24 14 4
35 24 16 4
35 24 18 4
35 24 20 4
35 24 22 4
35 24 24 4
35 24 26 4
35 24 28 4
35 24 30 4
35 26 12 4
35 26 14 4
35 26 16 4
35 26 18 4
35 26 20 4
35 26 22 4
35 26 24 4
35 26 26 4
35 26 28 4
35 26 30 4
35 26 32 4
35 28 24 4
35 28 26 4
35 28 28 4
35 28 30 4
35 28 32 4
35 30 24 4
35 30 26 4
35 32 24 4
35 32 26 4
35 34 24 4
35 34 26 4
35 36 24 4
35 36 26 4
35 38 26 4
36 8 22 4
36 8 24 4
36 8 26 4
36 10 20 4
36 10 22 4
36 10 24 4
36 10 26 4
36 12 20 4
36 12 24 4
36 12 26 4
36 14 18 4
36 14 20 4
36 14 24 4
36 14 26 4
36 16 16 4
36 16 18 4
36 16 24 4
36 16 26 4
36 18 14 4
36 18 16 4
36 18 24 4
36 18 26 4
36 20 12 4
36 20 14 4
36 20 24 4
36 20 26 4
36 22 12 4
36 22 14 4
36 22 24 4
36 22 26 4
36 24 10 4
36 24 12 4
36 24 24 4
36 24 26 4
36 26 8 4
36 26 10 4
36 26 12 4
36 26 14 4
36 26 16 4
36 26 18 4
36 26 20 4
36 26 22 4
36 26 24 4
36 26 26 4
36 26 28 4
36 26 30 4
36 26 32 4
36 28 8 4
36 28 10 4
36 28 12 4
36 28 14 4
36 28 16 4
36 28 18 4
36 28 20 4
36 28 22 4
36 28 24 4
36 28 26 4
36 28 28 4
36 28 30 4
36 28 32 4
36 30 24 4
36 30 26 4
36 32 24 4
36 32 26 4
36 34 24 4
36 34 26 4
36 36 24 4
36 36 26 4
37 4 24 4
37 6 24 4
37 8 22 4
37 8 24 4
37 10 22 4
37 10 24 4
37 12 20 4
37 12 24 4
37 14 18 4
37 14 24 4
37 16 18 4
37 16 24 4
37 18 16 4
37 18 24 4
37 20 16 4
37 20 24 4
37 22 14 4
37 22 24 4
37 24 12 4
37 24 24 4
37 26 12 4
37 26 14 4
37 26 16 4
37 26 18 4
37 26 20 4
37 26 22 4
37 26 24 4
37 26 26 4
37 26 28 4
37 28 22 4
37 28 24 4
37 28 26 4
37 28 28 4
37 28 30 4
37 30 24 4
37 32 24 4
37 34 24 4
37 36 24 4
38 6 22 4
38 6 24 4
38 6 26 4
38 8 22 4
38 8 24 4
38 8 26 4
38 10 20 4
38 10 22 4
38 10 24 4
38 10 26 4
38 12 18 4
38 12 20 4
38 12 24 4
38 12 26 4
38 14 16 4
38 14 18 4
38 14 24 4
38 14 26 4
38 16 14 4
38 16 16 4
38 16 24 4
38 16 26 4
38 18 12 4
38 18 14 4
38 18 16 4
38 18 24 4
38 18 26 4
38 20 10 4
38 20 12 4
38 20 24 4
38 20 26 4
38 22 10 4
38 22 12 4
38 22 24 4
38 22 26 4
38 24 10 4
38 24 12 4
38 24 14 4
38 24 16 4
38 24 18 4
38 24 20 4
38 24 22 4
38 24 24 4
38 24 26 4
38 24 28 4
38 24 30 4
38 26 10 4
38 26 12 4
38 26 14 4
38 26 16 4
38 26 18 4
38 26 20 4
38 26 22 4
38 26 24 4
38 26 26 4
38 26 28 4
38 26 30 4
38 26 32 4
38 28 18 4
38 28 20 4
38 28 22 4
38 28 24 4
38 28 26 4
38 28 28 4
38 28 30 4
38 30 24 4
38 30 26 4
38 32 24 4
38 32 26 4
38 34 24 4
38 34 26 4
38 36 24 4
38 36 26 4
39 4 20 4
39 4 22 4
39 4 24 4
39 4 26 4
39 4 28 4
39 4 30 4
39 6 18 4
39 6 20 4
39 6 22 4
39 6 24 4
39 6 26 4
39 6 28 4
39 6 30 4
39 8 18 4
39 8 20 4
39 8 22 4
39 8 24 4
39 8 26 4
39 8 28 4
39 10 18 4
39 10 20 4
39 10 22 4
39 10 24 4
39 10 26 4
39 10 28 4
39 12 18 4
39 12 20 4
39 12 22 4
39 12 24 4
39 12 26 4
39 12 28 4
39 14 14 4
39 14 16 4
39 14 18 4
39 14 20 4
39 14 22 4
39 14 24 4
39 14 26 4
39 14 28 4
39 16 14 4
39 16 16 4
39 16 18 4
39 16 20 4
39 16 22 4
39 16 24 4
39 16 26 4
39 16 28 4
39 18 14 4
39 18 16 4
39 18 18 4
39 18 20 4
39 18 22 4
39 18 24 4
39 18 26 4
39 18 28 4
39 20 14 4
39 20 16 4
39 20 18 4
39 20 20 4
39 20 22 4
39 20 24 4
39 20 26 4
39 20 28 4
39 22 12 4
39 22 14 4
39 22 16 4
39 22 20 4
39 22 22 4
39 22 24 4
39 22 26 4
39 22 28 4
39 24 12 4
39 24 14 4
39 24 16 4
39 24 20 4
39 24 22 4
39 24 24 4
39 24 26 4
39 24 28 4
39 26 12 4
39 26 14 4
39 26 16 4
39 26 18 4
39 26 20 4
39 26 22 4
39 26 24 4
39 26 26 4
39 26 28 4
39 28 10 4
39 28 12 4
39 28 14 4
39 28 16 4
39 28 18 4
39 28 20 4
39 28 22 4
39 28 24 4
39 28 26 4
39 28 28 4
39 28 30 4
39 28 32 4
39 30 10 4
39 30 12 4
39 30 14 4
39 30 16 4
39 30 18 4
39 30 20 4
39 30 22 4
39 30 24 4
39 30 26 4
39 30 28 4
39 30 30 4
39 30 32 4
39 32 20 4
39 32 22 4
39 32 24 4
39 32 26 4
39 32 28 4
39 32 32 4
39 34 20 4
39 34 22 4
39 34 24 4
39 34 26 4
39 34 28 4
39 36 20 4
39 36 22 4
39 36 24 4
39 36 26 4
39 36 28 4
40 4 30 4
40 4 32 4
40 6 28 4
40 6 30 4
40 6 32 4
40 8 26 4
40 8 28 4
40 8 30 4
40 10 24 4
40 10 26 4
40 10 28 4
40 10 30 4
40 12 22 4
40 12 24 4
40 12 28 4
40 12 30 4
40 14 20 4
40 14 22 4
40 14 26 4
40 14 28 4
40 14 30 4
40 16 18 4
40 16 26 4
40 16 28 4
40 18 16 4
40 18 26 4
40 18 28 4
40 20 14 4
40 20 24 4
40 20 26 4
40 20 28 4
40 22 12 4
40 22 24 4
40 22 26 4
40 24 10 4
40 24 24 4
40 24 26 4
40 26 8 4
40 26 10 4
40 26 12 4
40 26 14 4
40 26 16 4
40 26 18 4
40 26 20 4
40 26 22 4
40 26 24 4
40 26 26 4
40 26 28 4
40 26 30 4
40 28 6 4
40 28 8 4
40 28 10 4
40 28 12 4
40 28 14 4
40 28 16 4
40 28 18 4
40 28 20 4
40 28 22 4
40 28 24 4
40 28 26 4
40 28 28 4
40 30 22 4
40 30 24 4
40 32 22 4
40 32 24 4
40 32 26 4
41 8 24 4
41 10 22 4
41 10 24 4
41 10 26 4
41 12 20 4
41 12 22 4
41 12 24 4
41 12 26 4
41 14 18 4
41 14 20 4
41 14 22 4
41 14 24 4
41 14 26 4
41 16 16 4
41 16 18 4
41 16 24 4
41 16 26 4
41 18 14 4
41 18 16 4
41 18 18 4
41 18 24 4
41 18 26 4
41 20 12 4
41 20 14 4
41 20 16 4
41 20 24 4
41 20 26 4
41 22 10 4
41 22 12 4
41 22 14 4
41 22 16 4
41 22 18 4
41 22 20 4
41 22 22 4
41 22 24 4
41 22 26 4
41 22 28 4
41 22 30 4
41 24 10 4
41 24 12 4
41 24 14 4
41 24 16 4
41 24 18 4
41 24 20 4
41 24 22 4
41 24 24 4
41 24 26 4
41 24 28 4
41 24 30 4
41 26 8 4
41 26 10 4
41 26 12 4
41 26 14 4
41 26 16 4
41 26 18 4
41 26 20 4
41 26 22 4
41 26 24 4
41 26 26 4
41 28 24 4
41 28 26 4
41 30 24 4
41 30 26 4
41 32 24 4
41 32 26 4
41 34 24 4
41 34 26 4
41 36 24 4
41 36 26 4
41 38 24 4
41 38 26 4
42 8 18 10
42 8 20 10
42 8 22 10
42 8 24 10
42 10 14 10
42 10 16 10
42 10 24 10
42 10 26 10
42 10 28 10
42 12 14 10
42 12 28 10
42 12 30 10
42 14 12 10
42 14 28 10
42 14 30 10
42 16 12 10
42 16 30 10
42 16 32 10
42 18 10 10
42 18 12 10
42 18 30 10
42 18 32 10
42 20 10 10
42 20 12 10
42 20 30 10
42 20 32 10
42 22 10 10
42 22 12 10
42 22 30 10
42 22 32 10
42 24 10 10
42 24 12 10
42 24 30 10
42 24 32 10
42 26 10 10
42 26 12 10
42 26 30 10
42 26 32 10
42 28 10 10
42 28 12 10
42 28 30 10
42 28 32 10
42 30 12 10
42 30 30 10
42 30 32 10
42 32 12 10
42 32 14 10
42 32 28 10
42 32 30 10
42 32 32 10
42 34 12 10
42 34 14 10
42 34 16 10
42 34 26 10
42 34 28 10
42 34 30 10
42 34 32 10
42 36 14 10
42 36 16 10
42 36 18 10
42 36 20 10
42 36 24 10
42 36 26 10
42 36 28 10
42 36 30 10
42 38 16 10
42 38 18 10
42 38 20 10
42 38 22 10
42 38 24 10
42 38 26 10
42 38 28 10
43 8 24 4
43 10 20 4
43 10 22 4
43 10 24 4
43 12 18 4
43 12 22 4
43 12 24 4
43 14 16 4
43 14 18 4
43 14 22 4
43 14 24 4
43 16 14 4
43 16 22 4
43 16 24 4
43 18 12 4
43 18 14 4
43 18 22 4
43 18 24 4
43 20 10 4
43 20 12 4
43 20 22 4
43 20 24 4
43 22 8 4
43 22 10 4
43 22 22 4
43 22 24 4
43 22 26 4
43 22 28 4
43 24 6 4
43 24 8 4
43 24 10 4
43 24 12 4
43 24 14 4
43 24 16 4
43 24 18 4
43 24 20 4
43 24 22 4
43 24 24 4
43 24 26 4
43 24 28 4
43 24 30 4
43 26 6 4
43 26 8 4
43 26 22 4
43 26 24 4
43 26 26 4
43 28 22 4
43 28 24 4
43 28 26 4
43 30 24 4
43 30 26 4
43 32 24 4
43 32 26 4
43 34 24 4
43 34 26 4
43 36 24 4
43 36 26 4
43 38 24 4
44 8 14 5
44 8 16 5
44 8 18 5
44 8 20 5
44 8 22 5
44 8 24 5
44 8 26 5
44 10 14 5
44 10 16 5
44 12 14 5
44 12 16 5
44 14 14 5
44 16 14 5
44 16 16 5
44 18 14 5
44 18 16 5
44 18 18 5
44 18 20 5
44 18 22 5
44 18 24 5
44 20 20 5
44 20 22 5
44 20 24 5
44 20 26 5
44 22 24 5
44 22 26 5
44 22 28 5
44 24 26 5
44 24 28 5
44 26 26 5
44 26 28 5
44 28 26 5
44 28 28 5
44 28 30 5
44 30 26 5
44 30 28 5
44 30 30 5
44 32 26 5
44 32 28 5
44 34 24 5
44 34 26 5
44 34 28 5
44 36 12 5
44 36 14 5
44 36 16 5
44 36 18 5
44 36 20 5
44 36 22 5
44 36 24 5
44 36 26 5
44 38 10 5
44 38 12 5
44 38 14 5
44 38 16 5
44 38 18 5
44 38 20 5
44 38 22 5
44 38 24 5
44 38 26 5
45 6 20 5
45 6 22 5
45 6 24 5
45 6 26 5
45 6 28 5
45 6 30 5
45 6 32 5
45 8 18 5
45 8 20 5
45 8 22 5
45 8 24 5
45 8 26 5
45 8 28 5
45 8 30 5
45 10 16 5
45 10 18 5
45 10 20 5
45 10 22 5
45 10 24 5
45 10 26 5
45 10 28 5
45 10 30 5
45 12 14 5
45 12 16 5
45 14 14 5
45 14 16 5
45 16 12 5
45 16 14 5
45 16 16 5
45 16 18 5
45 16 20 5
45 16 22 5
45 16 24 5
45 18 12 5
45 18 14 5
45 18 16 5
45 18 18 5
45 18 20 5
45 18 22 5
45 18 24 5
45 18 26 5
45 20 14 5
45 20 16 5
45 20 26 5
45 20 28 5
45 22 26 5
45 22 28 5
45 24 26 5
45 24 28 5
45 26 24 5
45 26 26 5
45 28 10 5
45 28 20 5
45 28 22 5
45 28 24 5
45 28 26 5
45 30 8 5
45 30 10 5
45 30 12 5
45 30 14 5
45 30 16 5
45 30 18 5
45 30 20 5
45 30 22 5
45 30 24 5
45 32 8 5
45 32 10 5
45 32 12 5
45 32 14 5
45 32 16 5
45 32 18 5
45 32 20 5
45 32 22 5
45 34 8 5
45 34 10 5
45 34 12 5
45 34 14 5
45 34 16 5
45 34 18 5
45 34 20 5
45 36 8 5
45 36 10 5
45 36 12 5
46 4 14 5
46 4 16 5
46 4 18 5
46 4 20 5
46 4 22 5
46 4 24 5
46 4 26 5
46 6 16 5
46 6 18 5
46 6 24 5
46 8 16 5
46 8 18 5
46 8 24 5
46 10 16 5
46 10 18 5
46 12 16 5
46 12 18 5
46 14 16 5
46 16 16 5
46 18 16 5
46 18 18 5
46 18 20 5
46 18 22 5
46 20 24 5
46 22 24 5
46 22 26 5
46 24 14 5
46 24 26 5
46 26 14 5
46 26 26 5
46 28 14 5
46 28 26 5
46 30 14 5
46 30 24 5
46 30 26 5
46 32 14 5
46 32 16 5
46 32 24 5
46 34 14 5
46 34 16 5
46 34 22 5
46 34 24 5
46 36 18 5
46 36 20 5
46 36 22 5
47 4 20 5
47 4 22 5
47 4 24 5
47 4 26 5
47 6 20 5
47 6 22 5
47 6 24 5
47 6 26 5
47 6 28 5
47 6 30 5
47 8 18 5
47 8 22 5
47 8 24 5
47 8 26 5
47 8 28 5
47 10 18 5
47 12 18 5
47 14 16 5
47 14 18 5
47 14 20 5
47 14 22 5
47 16 18 5
47 16 20 5
47 16 22 5
47 16 24 5
47 18 22 5
47 18 24 5
47 20 24 5
47 20 26 5
47 22 24 5
47 24 24 5
47 26 24 5
47 28 22 5
47 30 22 5
47 32 12 5
47 32 14 5
47 32 16 5
47 32 18 5
47 32 20 5
47 34 14 5
47 34 16 5
48 2 26 5
48 2 28 5
48 2 30 5
48 2 32 5
48 4 16 5
48 4 18 5
48 4 20 5
48 4 22 5
48 4 24 5
48 4 26 5
48 4 28 5
48 4 30 5
48 4 32 5
48 6 12 5
48 6 14 5
48 6 16 5
48 6 18 5
48 6 20 5
48 6 22 5
48 6 24 5
48 6 26 5
48 6 28 5
48 6 30 5
48 6 32 5
48 8 12 5
48 8 14 5
48 8 16 5
48 8 18 5
48 10 12 5
48 10 14 5
48 12 12 5
48 12 14 5
48 14 12 5
48 14 14 5
48 16 12 5
48 16 18 5
48 16 20 5
48 16 22 5
48 16 24 5
48 16 26 5
48 16 28 5
48 18 12 5
48 18 14 5
48 18 16 5
48 18 18 5
48 18 20 5
48 18 22 5
48 18 24 5
48 18 26 5
48 18 28 5
48 18 30 5
48 20 12 5
48 20 14 5
48 20 28 5
48 20 30 5
48 20 32 5
48 22 28 5
48 22 30 5
48 22 32 5
48 22 34 5
48 24 30 5
48 24 32 5
48 24 34 5
48 26 12 5
48 26 30 5
48 26 32 5
48 26 34 5
48 28 12 5
48 28 14 5
48 28 28 5
48 28 30 5
48 28 32 5
48 28 34 5
48 30 12 5
48 30 14 5
48 30 16 5
48 30 26 5
48 30 28 5
48 30 30 5
48 30 32 5
48 32 14 5
48 32 16 5
48 32 18 5
48 32 20 5
48 32 22 5
48 32 24 5
48 32 26 5
48 32 28 5
48 32 30 5
48 32 32 5
48 34 18 5
48 34 20 5
48 34 22 5
48 34 24 5
48 34 26 5
48 34 28 5
48 34 30 5
49 6 14 5
49 6 16 5
49 6 18 5
49 6 20 5
49 6 22 5
49 8 26 5
49 10 12 5
49 10 26 5
49 12 12 5
49 14 10 5
49 14 12 5
49 14 22 5
49 14 26 5
49 16 10 5
49 16 24 5
49 18 10 5
49 18 26 5
49 20 10 5
49 20 12 5
49 20 14 5
49 20 28 5
49 22 8 5
49 22 10 5
49 22 18 5
49 22 28 5
49 24 28 5
49 26 10 5
49 26 12 5
49 26 18 5
49 26 28 5
49 28 8 5
49 28 10 5
49 28 12 5
49 28 14 5
49 28 16 5
49 28 28 5
49 30 8 5
49 30 10 5
49 30 28 5
49 32 8 5
49 32 10 5
49 32 26 5
49 34 8 5
49 34 24 5
49 36 8 5
49 36 22 5
49 38 8 5
49 38 10 5
49 38 12 5
49 38 14 5
49 38 16 5
49 38 18 5
49 38 20 5
50 8 16 5
50 8 18 5
50 8 20 5
50 8 22 5
50 8 24 5
50 8 26 5
50 10 16 5
50 12 14 5
50 12 16 5
50 14 14 5
50 14 16 5
50 16 14 5
50 16 16 5
50 16 18 5
50 16 20 5
50 16 22 5
50 16 24 5
50 18 14 5
50 18 16 5
50 18 18 5
50 18 20 5
50 18 22 5
50 18 24 5
50 18 26 5
50 20 12 5
50 20 14 5
50 20 24 5
50 20 26 5
50 20 28 5
50 22 26 5
50 22 28 5
50 22 30 5
50 24 26 5
50 24 28 5
50 24 30 5
50 26 26 5
50 26 28 5
50 26 30 5
50 28 12 5
50 28 14 5
50 28 26 5
50 28 28 5
50 28 30 5
50 30 12 5
50 30 14 5
50 30 26 5
50 30 28 5
50 30 30 5
50 32 12 5
50 32 14 5
50 32 16 5
50 32 24 5
50 32 26 5
50 32 28 5
50 34 14 5
50 34 16 5
50 34 18 5
50 34 20 5
50 34 22 5
50 34 24 5
50 34 26 5
50 36 16 5
50 36 18 5
50 36 20 5
50 36 22 5
50 36 24 5
50 36 26 5
51 12 20 5
51 14 18 5
51 14 20 5
51 14 22 5
51 16 16 5
51 16 18 5
51 16 20 5
51 16 22 5
51 16 24 5
51 18 14 5
51 18 16 5
51 18 18 5
51 18 20 5
51 18 22 5
51 18 24 5
51 18 26 5
51 20 12 5
51 20 14 5
51 20 16 5
51 20 18 5
51 20 20 5
51 20 22 5
51 20 24 5
51 20 26 5
51 20 28 5
51 22 10 5
51 22 12 5
51 22 14 5
51 22 16 5
51 22 18 5
51 22 20 5
51 22 22 5
51 22 24 5
51 22 26 5
51 22 28 5
51 22 30 5
51 24 8 5
51 24 10 5
51 24 12 5
51 24 14 5
51 24 16 5
51 24 18 5
51 24 20 5
51 24 22 5
51 24 24 5
51 24 26 5
51 24 28 5
51 24 30 5
51 24 32 5
51 26 6 5
51 26 8 5
51 26 10 5
51 26 12 5
51 26 14 5
51 26 16 5
51 26 18 5
51 26 20 5
51 26 22 5
51 26 24 5
51 26 26 5
51 26 28 5
51 26 30 5
51 26 32 5
51 26 34 5
51 28 32 5
51 28 34 5
52 0 26 5
52 0 28 5
52 2 18 5
52 2 20 5
52 2 22 5
52 2 24 5
52 2 26 5
52 2 28 5
52 4 12 5
52 4 14 5
52 4 16 5
52 4 18 5
52 4 20 5
52 4 22 5
52 4 24 5
52 4 26 5
52 6 12 5
52 6 14 5
52 6 16 5
52 8 12 5
52 8 14 5
52 10 12 5
52 10 14 5
52 12 12 5
52 12 14 5
52 14 14 5
52 16 14 5
52 16 16 5
52 16 18 5
52 16 20 5
52 18 14 5
52 18 16 5
52 18 18 5
52 18 20 5
52 18 22 5
52 18 24 5
52 18 26 5
52 20 22 5
52 20 24 5
52 20 26 5
52 20 28 5
52 22 24 5
52 22 26 5
52 22 28 5
52 24 26 5
52 24 28 5
52 24 30 5
52 26 26 5
52 26 28 5
52 26 30 5
52 28 26 5
52 28 28 5
52 30 12 5
52 30 24 5
52 30 26 5
52 30 28 5
52 32 14 5
52 32 16 5
52 32 18 5
52 32 20 5
52 32 22 5
52 32 24 5
52 32 26 5
52 34 18 5
52 34 20 5
52 34 22 5
52 34 24 5
53 6 18 10
53 6 20 10
53 8 16 10
53 8 18 10
53 8 20 10
53 8 22 10
53 8 24 10
53 10 14 10
53 10 16 10
53 10 24 10
53 10 26 10
53 12 12 10
53 12 14 10
53 12 24 10
53 12 26 10
53 14 12 10
53 14 14 10
53 14 26 10
53 16 12 10
53 16 14 10
53 16 26 10
53 16 28 10
53 18 12 10
53 18 14 10
53 18 26 10
53 18 28 10
53 20 10 10
53 20 12 10
53 20 14 10
53 20 26 10
53 20 28 10
53 22 12 10
53 22 14 10
53 22 26 10
53 22 28 10
53 24 12 10
53 24 14 10
53 24 26 10
53 24 28 10
53 26 10 10
53 26 12 10
53 26 14 10
53 26 26 10
53 26 28 10
53 28 12 10
53 28 14 10
53 28 26 10
53 28 28 10
53 30 12 10
53 30 14 10
53 30 24 10
53 30 26 10
53 30 28 10
53 32 12 10
53 32 14 10
53 32 16 10
53 32 24 10
53 32 26 10
53 34 12 10
53 34 14 10
53 34 16 10
53 34 22 10
53 34 24 10
53 34 26 10
53 36 14 10
53 36 16 10
53 36 18 10
53 36 20 10
53 36 22 10
53 36 24 10
53 38 16 10
53 38 18 10
53 38 20 10
53 38 22 10
53 38 24 10
54 2 18 5
54 2 20 5
54 2 22 5
54 2 24 5
54 2 26 5
54 2 28 5
54 2 30 5
54 2 32 5
54 4 16 5
54 4 18 5
54 4 20 5
54 4 22 5
54 4 24 5
54 4 26 5
54 4 28 5
54 4 30 5
54 6 16 5
54 6 18 5
54 6 20 5
54 6 22 5
54 6 24 5
54 6 26 5
54 6 28 5
54 8 16 5
54 8 18 5
54 8 20 5
54 8 22 5
54 8 24 5
54 8 26 5
54 10 14 5
54 10 16 5
54 10 18 5
54 12 14 5
54 12 16 5
54 12 18 5
54 14 14 5
54 14 16 5
54 14 18 5
54 14 22 5
54 14 24 5
54 14 26 5
54 14 28 5
54 16 14 5
54 16 16 5
54 16 18 5
54 16 20 5
54 16 22 5
54 16 24 5
54 16 26 5
54 16 28 5
54 16 30 5
54 18 14 5
54 18 16 5
54 18 18 5
54 18 20 5
54 18 22 5
54 18 24 5
54 18 26 5
54 18 28 5
54 18 30 5
54 20 18 5
54 20 24 5
54 20 26 5
54 20 28 5
54 20 30 5
54 22 14 5
54 22 16 5
54 22 24 5
54 22 26 5
54 22 28 5
54 22 30 5
54 24 12 5
54 24 14 5
54 24 16 5
54 24 24 5
54 24 26 5
54 24 28 5
54 26 12 5
54 26 14 5
54 26 16 5
54 26 24 5
54 26 26 5
54 26 28 5
54 28 12 5
54 28 14 5
54 28 22 5
54 28 24 5
54 28 26 5
54 30 12 5
54 30 14 5
54 30 16 5
54 30 20 5
54 30 22 5
54 32 16 5
54 32 18 5
54 32 20 5
55 6 18 6
55 6 20 6
55 6 22 6
55 6 24 6
55 6 26 6
55 8 16 6
55 8 26 6
55 8 28 6
55 10 14 6
55 10 28 6
55 12 12 6
55 12 14 6
55 12 28 6
55 14 12 6
55 16 10 6
55 16 12 6
55 18 10 6
55 18 12 6
55 20 10 6
55 20 12 6
55 20 18 6
55 20 20 6
55 20 22 6
55 20 24 6
55 20 26 6
55 22 10 6
55 22 12 6
55 22 16 6
55 22 26 6
55 22 28 6
55 24 10 6
55 24 12 6
55 24 14 6
55 24 28 6
55 26 10 6
55 26 12 6
55 26 14 6
55 26 28 6
55 28 10 6
55 28 12 6
55 28 14 6
55 28 28 6
55 30 12 6
55 30 14 6
55 30 26 6
55 30 28 6
55 32 12 6
55 32 14 6
55 32 16 6
55 32 26 6
55 34 14 6
55 34 16 6
55 34 18 6
55 34 20 6
55 34 22 6
55 34 24 6
56 6 22 6
56 6 24 6
56 8 18 6
56 8 20 6
56 8 22 6
56 8 24 6
56 10 16 6
56 10 18 6
56 12 14 6
56 12 16 6
56 14 12 6
56 14 14 6
56 16 12 6
56 16 14 6
56 18 12 6
56 18 14 6
56 18 16 6
56 18 18 6
56 18 20 6
56 18 22 6
56 18 24 6
56 18 26 6
56 20 10 6
56 20 12 6
56 20 14 6
56 20 16 6
56 20 18 6
56 20 24 6
56 20 26 6
56 20 28 6
56 22 10 6
56 22 12 6
56 22 14 6
56 22 26 6
56 22 28 6
56 22 30 6
56 24 10 6
56 24 12 6
56 24 28 6
56 24 30 6
56 26 10 6
56 26 12 6
56 26 28 6
56 26 30 6
56 28 10 6
56 28 12 6
56 28 28 6
56 28 30 6
56 30 10 6
56 30 12 6
56 30 28 6
56 30 30 6
56 32 10 6
56 32 12 6
56 32 14 6
56 32 26 6
56 32 28 6
56 32 30 6
56 34 12 6
56 34 14 6
56 34 16 6
56 34 24 6
56 34 26 6
56 34 28 6
56 36 12 6
56 36 14 6
56 36 16 6
56 36 18 6
56 36 20 6
56 36 22 6
56 36 24 6
56 36 26 6
56 36 28 6
56 38 16 6
56 38 18 6
56 38 20 6
56 38 22 6
56 38 24 6
57 6 28 6
57 14 20 6
57 16 18 6
57 18 16 6
57 22 14 6
57 22 18 6
57 22 20 6
57 22 22 6
57 22 24 6
57 24 12 6
57 24 14 6
57 24 24 6
57 24 26 6
57 26 12 6
57 26 26 6
57 26 28 6
57 28 12 6
57 28 26 6
57 30 12 6
57 30 26 6
57 32 12 6
57 32 14 6
57 34 12 6
57 34 14 6
57 34 16 6
57 36 14 6
57 36 16 6
57 36 18 6
57 36 20 6
58 8 24 6
58 8 26 6
58 10 20 6
58 10 22 6
58 12 18 6
58 12 20 6
58 14 16 6
58 14 18 6
58 16 14 6
58 16 16 6
58 16 18 6
58 16 20 6
58 16 22 6
58 16 24 6
58 18 12 6
58 18 14 6
58 18 16 6
58 18 24 6
58 18 26 6
58 20 12 6
58 20 14 6
58 20 24 6
58 20 26 6
58 22 12 6
58 22 14 6
58 22 24 6
58 22 26 6
58 24 10 6
58 24 12 6
58 24 24 6
58 24 26 6
58 24 28 6
58 26 10 6
58 26 12 6
58 26 24 6
58 26 26 6
58 28 10 6
58 28 12 6
58 28 24 6
58 28 26 6
58 30 10 6
58 30 12 6
58 30 24 6
58 30 26 6
58 32 10 6
58 32 22 6
58 32 24 6
58 32 26 6
58 34 10 6
58 34 22 6
58 34 24 6
58 36 12 6
58 36 20 6
58 36 22 6
58 38 12 6
58 38 14 6
58 38 16 6
58 38 18 6
58 38 20 6
59 6 14 6
59 6 16 6
59 6 18 6
59 6 20 6
59 6 22 6
59 6 24 6
59 8 14 6
59 8 16 6
59 8 18 6
59 8 22 6
59 8 24 6
59 8 26 6
59 10 12 6
59 10 14 6
59 10 16 6
59 10 26 6
59 10 28 6
59 12 12 6
59 12 14 6
59 12 26 6
59 12 28 6
59 14 12 6
59 14 14 6
59 16 10 6
59 16 12 6
59 16 14 6
59 16 18 6
59 16 20 6
59 16 22 6
59 16 24 6
59 18 10 6
59 18 12 6
59 18 14 6
59 18 16 6
59 18 18 6
59 18 20 6
59 18 22 6
59 18 24 6
59 18 26 6
59 20 10 6
59 20 12 6
59 20 14 6
59 20 16 6
59 20 24 6
59 20 26 6
59 20 28 6
59 22 10 6
59 22 12 6
59 22 14 6
59 22 26 6
59 22 28 6
59 24 10 6
59 24 12 6
59 24 14 6
59 24 26 6
59 24 28 6
59 26 10 6
59 26 12 6
59 26 14 6
59 26 26 6
59 26 28 6
59 28 10 6
59 28 12 6
59 28 14 6
59 28 26 6
59 28 28 6
59 30 12 6
59 30 14 6
59 30 16 6
59 30 26 6
59 30 28 6
59 32 12 6
59 32 14 6
59 32 16 6
59 32 18 6
59 32 24 6
59 32 26 6
59 34 14 6
59 34 16 6
59 34 18 6
59 34 20 6
59 34 22 6
59 34 24 6
59 34 26 6
59 36 16 6
59 36 18 6
59 36 20 6
59 36 22 6
60 4 18 6
60 4 20 6
60 4 22 6
60 4 24 6
60 4 26 6
60 4 28 6
60 6 16 6
60 6 18 6
60 6 20 6
60 6 22 6
60 6 24 6
60 6 26 6
60 6 28 6
60 6 30 6
60 8 14 6
60 8 16 6
60 8 26 6
60 8 28 6
60 8 30 6
60 10 14 6
60 10 16 6
60 12 12 6
60 12 14 6
60 14 12 6
60 14 14 6
60 16 12 6
60 16 14 6
60 16 20 6
60 16 22 6
60 16 24 6
60 18 12 6
60 18 14 6
60 18 16 6
60 18 18 6
60 18 20 6
60 18 22 6
60 18 24 6
60 18 26 6
60 18 28 6
60 20 12 6
60 20 14 6
60 20 16 6
60 20 24 6
60 20 26 6
60 20 28 6
60 20 30 6
60 22 12 6
60 22 14 6
60 22 26 6
60 22 28 6
60 22 30 6
60 24 12 6
60 24 14 6
60 24 26 6
60 24 28 6
60 24 30 6
60 26 12 6
60 26 14 6
60 26 28 6
60 26 30 6
60 26 32 6
60 28 12 6
60 28 14 6
60 28 28 6
60 28 30 6
60 28 32 6
60 30 14 6
60 30 16 6
60 30 26 6
60 30 28 6
60 30 30 6
60 32 14 6
60 32 16 6
60 32 18 6
60 32 24 6
60 32 26 6
60 32 28 6
60 32 30 6
60 34 16 6
60 34 18 6
60 34 20 6
60 34 22 6
60 34 24 6
60 34 26 6
60 34 28 6
60 36 20 6
60 36 22 6
60 36 24 6
61 4 20 6
61 6 16 6
61 6 18 6
61 6 20 6
61 6 22 6
61 6 24 6
61 8 14 6
61 8 16 6
61 8 24 6
61 8 26 6
61 10 14 6
61 10 26 6
61 12 12 6
61 12 14 6
61 12 26 6
61 14 12 6
61 14 14 6
61 16 12 6
61 16 20 6
61 16 22 6
61 18 12 6
61 18 16 6
61 18 18 6
61 18 20 6
61 18 22 6
61 18 24 6
61 18 26 6
61 20 12 6
61 20 14 6
61 20 16 6
61 20 24 6
61 20 26 6
61 22 12 6
61 22 14 6
61 22 26 6
61 24 12 6
61 24 14 6
61 24 26 6
61 24 28 6
61 26 12 6
61 26 14 6
61 26 26 6
61 28 12 6
61 28 14 6
61 28 26 6
61 30 14 6
61 30 16 6
61 30 24 6
61 30 26 6
61 32 16 6
61 32 18 6
61 32 20 6
61 32 22 6
61 32 24 6
61 34 18 6
61 34 20 6
62 8 20 6
62 8 22 6
62 10 16 6
62 10 18 6
62 12 14 6
62 12 16 6
62 12 18 6
62 14 14 6
62 14 16 6
62 16 12 6
62 16 14 6
62 16 16 6
62 18 12 6
62 18 14 6
62 18 16 6
62 18 18 6
62 18 22 6
62 18 24 6
62 20 10 6
62 20 12 6
62 20 14 6
62 20 24 6
62 20 26 6
62 22 10 6
62 22 12 6
62 22 14 6
62 22 26 6
62 22 28 6
62 24 10 6
62 24 12 6
62 24 26 6
62 24 28 6
62 26 10 6
62 26 12 6
62 26 26 6
62 26 28 6
62 28 10 6
62 28 12 6
62 28 26 6
62 28 28 6
62 30 10 6
62 30 12 6
62 30 14 6
62 30 26 6
62 32 12 6
62 32 14 6
62 32 26 6
62 34 14 6
62 34 16 6
62 34 24 6
62 36 16 6
62 36 18 6
62 36 20 6
62 36 22 6
63 6 24 6
63 8 20 6
63 8 22 6
63 10 18 6
63 12 16 6
63 12 18 6
63 14 14 6
63 14 16 6
63 16 14 6
63 16 16 6
63 18 14 6
63 18 20 6
63 18 22 6
63 18 24 6
63 20 12 6
63 20 14 6
63 20 24 6
63 20 26 6
63 22 12 6
63 22 14 6
63 22 26 6
63 22 28 6
63 24 12 6
63 24 14 6
63 24 26 6
63 24 28 6
63 26 12 6
63 26 14 6
63 26 26 6
63 26 28 6
63 28 14 6
63 28 26 6
63 28 28 6
63 30 14 6
63 30 26 6
63 30 28 6
63 32 14 6
63 32 16 6
63 32 26 6
63 34 16 6
63 34 24 6
63 34 26 6
63 36 22 6
64 6 18 10
64 6 20 10
64 6 22 10
64 6 24 10
64 8 16 10
64 8 24 10
64 8 26 10
64 10 14 10
64 10 16 10
64 10 26 10
64 10 28 10
64 12 14 10
64 12 26 10
64 12 28 10
64 12 30 10
64 14 12 10
64 14 14 10
64 14 28 10
64 14 30 10
64 16 12 10
64 16 14 10
64 16 28 10
64 16 30 10
64 18 12 10
64 18 14 10
64 18 28 10
64 18 30 10
64 20 12 10
64 20 14 10
64 20 28 10
64 20 30 10
64 22 12 10
64 22 14 10
64 22 28 10
64 22 30 10
64 22 32 10
64 24 12 10
64 24 14 10
64 24 28 10
64 24 30 10
64 24 32 10
64 26 12 10
64 26 14 10
64 26 28 10
64 26 30 10
64 26 32 10
64 28 12 10
64 28 14 10
64 28 28 10
64 28 30 10
64 30 12 10
64 30 14 10
64 30 28 10
64 30 30 10
64 32 14 10
64 32 28 10
64 32 30 10
64 34 14 10
64 34 16 10
64 34 26 10
64 34 28 10
64 34 30 10
64 36 16 10
64 36 18 10
64 36 24 10
64 36 26 10
64 36 28 10
64 36 30 10
64 38 16 10
64 38 18 10
64 38 20 10
64 38 22 10
64 38 24 10
64 38 26 10
64 38 28 10
65 6 22 6
65 8 18 6
65 8 20 6
65 8 22 6
65 8 24 6
65 8 26 6
65 10 14 6
65 10 16 6
65 10 18 6
65 10 20 6
65 10 22 6
65 12 12 6
65 12 14 6
65 12 16 6
65 12 18 6
65 12 20 6
65 14 10 6
65 14 12 6
65 14 14 6
65 14 16 6
65 14 18 6
65 16 8 6
65 16 10 6
65 16 12 6
65 16 14 6
65 16 16 6
65 18 6 6
65 18 8 6
65 18 10 6
65 18 12 6
65 18 14 6
65 18 16 6
65 18 22 6
65 18 24 6
65 18 26 6
65 18 28 6
65 18 30 6
65 20 4 6
65 20 6 6
65 20 8 6
65 20 10 6
65 20 12 6
65 20 14 6
65 20 22 6
65 20 24 6
65 20 26 6
65 20 28 6
65 20 30 6
65 22 4 6
65 22 6 6
65 22 8 6
65 22 10 6
65 22 12 6
65 22 14 6
65 22 22 6
65 22 24 6
65 22 26 6
65 22 28 6
65 22 30 6
65 22 32 6
65 24 4 6
65 24 6 6
65 24 8 6
65 24 10 6
65 24 12 6
65 24 14 6
65 24 22 6
65 24 24 6
65 24 26 6
65 24 28 6
65 24 30 6
65 24 32 6
65 26 4 6
65 26 6 6
65 26 8 6
65 26 10 6
65 26 12 6
65 26 14 6
65 26 26 6
65 26 28 6
65 26 30 6
65 26 32 6
65 28 2 6
65 28 4 6
65 28 6 6
65 28 8 6
65 28 10 6
65 28 12 6
65 28 14 6
65 28 26 6
65 28 28 6
65 28 30 6
65 30 4 6
65 30 6 6
65 30 8 6
65 30 10 6
65 30 12 6
65 30 14 6
65 30 16 6
65 30 26 6
65 30 28 6
65 30 30 6
65 32 4 6
65 32 6 6
65 32 8 6
65 32 10 6
65 32 12 6
65 32 14 6
65 32 16 6
65 32 18 6
65 32 22 6
65 32 24 6
65 32 26 6
65 32 28 6
65 34 6 6
65 34 8 6
65 34 10 6
65 34 12 6
65 34 14 6
65 34 16 6
65 34 18 6
65 34 20 6
65 34 22 6
65 34 24 6
65 34 26 6
65 36 8 6
65 36 10 6
65 36 12 6
65 36 14 6
65 36 16 6
65 36 18 6
65 36 20 6
65 36 22 6
65 36 24 6
65 38 12 6
65 38 14 6
65 38 16 6
65 38 18 6
65 38 20 6
66 4 10 7
66 4 12 7
66 4 14 7
66 4 16 7
66 6 10 7
66 6 12 7
66 6 14 7
66 6 16 7
66 6 18 7
66 6 20 7
66 6 22 7
66 6 24 7
66 6 26 7
66 6 28 7
66 8 20 7
66 8 22 7
66 8 24 7
66 8 26 7
66 8 28 7
66 10 26 7
66 10 28 7
66 12 24 7
66 12 26 7
66 14 24 7
66 14 26 7
66 16 24 7
66 16 26 7
66 18 22 7
66 18 24 7
66 20 22 7
66 20 24 7
66 22 20 7
66 22 22 7
66 24 20 7
66 24 22 7
66 26 18 7
66 26 20 7
66 28 18 7
66 28 20 7
66 30 16 7
66 30 18 7
66 30 20 7
66 32 16 7
66 32 18 7
66 34 16 7
66 34 18 7
67 0 22 7
67 0 24 7
67 0 26 7
67 0 28 7
67 0 30 7
67 0 32 7
67 2 14 7
67 2 16 7
67 2 18 7
67 2 20 7
67 2 22 7
67 2 24 7
67 2 26 7
67 2 28 7
67 2 30 7
67 4 12 7
67 4 14 7
67 4 16 7
67 4 18 7
67 4 20 7
67 4 28 7
67 6 12 7
67 6 14 7
67 6 28 7
67 8 12 7
67 8 26 7
67 10 12 7
67 10 26 7
67 12 24 7
67 14 22 7
67 14 24 7
67 16 22 7
67 18 22 7
67 20 20 7
67 22 20 7
67 24 18 7
67 24 20 7
67 26 18 7
67 26 20 7
67 28 18 7
67 28 20 7
67 30 18 7
67 30 20 7
67 32 18 7
67 32 20 7
68 4 12 7
68 4 16 7
68 6 12 7
68 6 14 7
68 6 18 7
68 6 20 7
68 6 26 7
68 8 12 7
68 8 26 7
68 10 12 7
68 10 24 7
68 10 26 7
68 12 12 7
68 12 26 7
68 16 24 7
68 18 24 7
68 20 22 7
68 22 22 7
68 24 20 7
68 26 20 7
68 28 20 7
68 30 20 7
68 32 20 7
68 34 20 7
69 0 28 7
69 0 30 7
69 0 32 7
69 2 20 7
69 2 22 7
69 2 24 7
69 2 26 7
69 2 28 7
69 2 30 7
69 4 14 7
69 4 16 7
69 4 18 7
69 4 20 7
69 4 22 7
69 4 24 7
69 4 28 7
69 4 30 7
69 6 12 7
69 6 14 7
69 6 16 7
69 6 28 7
69 8 12 7
69 8 26 7
69 10 12 7
69 10 26 7
69 12 12 7
69 12 24 7
69 14 24 7
69 16 22 7
69 18 22 7
69 20 20 7
69 22 20 7
69 24 18 7
69 24 20 7
69 26 18 7
69 26 20 7
69 28 18 7
69 28 20 7
69 30 18 7
69 30 20 7
69 32 18 7
69 32 20 7
70 6 16 7
70 6 18 7
70 6 20 7
70 6 22 7
70 6 24 7
70 8 16 7
70 8 18 7
70 8 22 7
70 8 24 7
70 10 16 7
70 10 18 7
70 10 22 7
70 10 24 7
70 12 16 7
70 12 18 7
70 12 22 7
70 12 24 7
70 14 22 7
70 16 22 7
70 18 20 7
70 18 22 7
70 20 20 7
70 20 22 7
70 22 20 7
70 22 22 7
70 24 20 7
70 24 22 7
70 26 20 7
70 26 22 7
70 28 20 7
70 28 22 7
70 30 18 7
70 30 20 7
70 32 18 7
70 32 20 7
70 34 18 7
70 34 20 7
70 36 18 7
70 36 20 7
70 38 18 7
70 38 20 7
71 4 12 7
71 4 14 7
71 4 16 7
71 4 18 7
71 4 20 7
71 4 22 7
71 4 24 7
71 4 26 7
71 6 12 7
71 6 14 7
71 6 16 7
71 6 18 7
71 6 20 7
71 6 22 7
71 6 24 7
71 6 26 7
71 6 28 7
71 8 12 7
71 10 26 7
71 12 24 7
71 14 24 7
71 16 22 7
71 18 22 7
71 20 20 7
71 22 20 7
71 24 20 7
71 26 18 7
71 26 20 7
71 28 18 7
71 28 20 7
71 30 18 7
71 30 20 7
71 32 18 7
71 32 20 7
71 34 18 7
72 6 12 7
72 6 14 7
72 6 16 7
72 6 18 7
72 6 20 7
72 6 22 7
72 6 24 7
72 6 26 7
72 8 12 7
72 8 14 7
72 8 24 7
72 8 26 7
72 10 12 7
72 10 26 7
72 12 24 7
72 14 22 7
72 14 24 7
72 16 22 7
72 18 22 7
72 20 20 7
72 22 20 7
72 24 18 7
72 24 20 7
72 26 18 7
72 26 20 7
72 28 18 7
72 28 20 7
72 30 18 7
72 30 20 7
72 32 16 7
72 32 18 7
72 32 20 7
72 34 16 7
72 34 18 7
72 34 20 7
72 36 16 7
72 36 18 7
72 36 20 7
72 38 18 7
73 6 16 7
73 6 18 7
73 6 20 7
73 6 22 7
73 8 14 7
73 8 16 7
73 8 18 7
73 8 20 7
73 8 22 7
73 8 24 7
73 8 26 7
73 8 28 7
73 10 12 7
73 10 14 7
73 10 16 7
73 10 18 7
73 10 20 7
73 10 22 7
73 10 24 7
73 10 26 7
73 10 28 7
73 12 24 7
73 12 26 7
73 12 28 7
73 14 22 7
73 14 24 7
73 14 26 7
73 16 20 7
73 16 22 7
73 16 24 7
73 18 18 7
73 18 20 7
73 18 22 7
73 20 16 7
73 20 18 7
73 20 20 7
73 22 14 7
73 22 16 7
73 22 18 7
73 24 14 7
73 24 16 7
73 24 18 7
73 26 12 7
73 26 14 7
73 26 16 7
73 28 10 7
73 28 12 7
73 28 14 7
73 28 16 7
73 30 10 7
73 30 12 7
73 30 14 7
73 32 8 7
73 32 10 7
73 32 12 7
73 32 14 7
73 34 8 7
73 34 10 7
73 34 12 7
73 34 14 7
73 34 16 7
73 36 8 7
73 36 10 7
73 36 12 7
73 36 14 7
73 38 8 7
73 38 10 7
73 38 12 7
74 2 12 7
74 2 14 7
74 2 16 7
74 2 18 7
74 2 20 7
74 2 22 7
74 2 24 7
74 2 26 7
74 2 28 7
74 2 30 7
74 2 32 7
74 4 12 7
74 4 14 7
74 4 16 7
74 4 18 7
74 4 20 7
74 4 22 7
74 4 24 7
74 4 26 7
74 4 28 7
74 4 30 7
74 6 10 7
74 6 12 7
74 6 30 7
74 8 10 7
74 8 28 7
74 10 10 7
74 12 26 7
74 14 24 7
74 16 24 7
74 18 22 7
74 20 22 7
74 22 20 7
74 24 20 7
74 26 18 7
74 26 20 7
74 28 18 7
74 30 18 7
74 32 18 7
75 8 18 10
75 8 20 10
75 8 22 10
75 8 26 10
75 10 16 10
75 10 18 10
75 10 26 10
75 10 28 10
75 12 14 10
75 12 16 10
75 12 28 10
75 14 14 10
75 14 28 10
75 16 12 10
75 16 14 10
75 16 28 10
75 18 10 10
75 18 12 10
75 18 14 10
75 18 28 10
75 20 10 10
75 20 12 10
75 20 28 10
75 22 10 10
75 22 12 10
75 22 26 10
75 22 28 10
75 24 10 10
75 24 26 10
75 26 8 10
75 26 10 10
75 26 26 10
75 28 8 10
75 28 10 10
75 28 24 10
75 28 26 10
75 30 8 10
75 30 10 10
75 30 24 10
75 32 8 10
75 32 10 10
75 32 22 10
75 32 24 10
75 34 10 10
75 34 12 10
75 34 14 10
75 34 20 10
75 34 22 10
75 34 24 10
75 36 12 10
75 36 14 10
75 36 16 10
75 36 18 10
75 36 20 10
75 36 22 10
76 0 8 7
76 0 10 7
76 0 12 7
76 0 14 7
76 2 8 7
76 2 10 7
76 2 12 7
76 2 14 7
76 2 16 7
76 2 18 7
76 2 20 7
76 2 22 7
76 2 24 7
76 4 18 7
76 4 20 7
76 4 22 7
76 4 24 7
76 4 26 7
76 4 28 7
76 4 30 7
76 6 26 7
76 6 28 7
76 8 26 7
76 8 28 7
76 10 26 7
76 12 24 7
76 12 26 7
76 14 24 7
76 14 26 7
76 16 24 7
76 18 22 7
76 18 24 7
76 20 22 7
76 22 20 7
76 22 22 7
76 24 20 7
76 26 18 7
76 26 20 7
76 28 18 7
76 28 20 7
76 30 18 7
76 32 16 7
76 32 18 7
77 6 16 8
77 6 18 8
77 6 20 8
77 6 22 8
77 6 24 8
77 8 14 8
77 8 16 8
77 8 18 8
77 8 22 8
77 8 24 8
77 8 26 8
77 10 14 8
77 10 16 8
77 10 24 8
77 10 26 8
77 10 28 8
77 12 12 8
77 12 14 8
77 12 16 8
77 12 24 8
77 12 26 8
77 12 28 8
77 14 12 8
77 14 14 8
77 14 16 8
77 14 24 8
77 14 26 8
77 14 28 8
77 16 14 8
77 16 16 8
77 16 24 8
77 16 26 8
77 16 28 8
77 18 14 8
77 18 16 8
77 18 18 8
77 18 24 8
77 18 26 8
77 20 16 8
77 20 18 8
77 20 20 8
77 20 22 8
77 20 24 8
77 22 14 8
77 22 16 8
77 22 18 8
77 22 24 8
77 22 26 8
77 24 12 8
77 24 14 8
77 24 16 8
77 24 24 8
77 24 26 8
77 24 28 8
77 26 12 8
77 26 14 8
77 26 16 8
77 26 24 8
77 26 26 8
77 26 28 8
77 28 12 8
77 28 14 8
77 28 16 8
77 28 24 8
77 28 26 8
77 28 28 8
77 30 14 8
77 30 16 8
77 30 24 8
77 30 26 8
77 30 28 8
77 32 16 8
77 32 18 8
77 32 20 8
77 32 22 8
77 32 24 8
77 32 26 8
78 8 14 8
78 8 26 8
78 10 12 8
78 10 28 8
78 12 12 8
78 12 28 8
78 14 14 8
78 16 14 8
78 16 16 8
78 16 26 8
78 18 18 8
78 18 20 8
78 18 24 8
78 20 16 8
78 20 20 8
78 20 22 8
78 20 24 8
78 22 14 8
78 22 24 8
78 22 26 8
78 24 12 8
78 24 26 8
78 24 28 8
78 26 12 8
78 26 28 8
78 28 12 8
78 28 28 8
78 30 12 8
78 30 28 8
78 34 14 8
78 34 26 8
78 36 18 8
78 36 20 8
78 36 22 8
79 6 22 8
79 8 18 8
79 8 20 8
79 8 22 8
79 8 24 8
79 8 26 8
79 10 14 8
79 10 16 8
79 10 18 8
79 10 26 8
79 10 28 8
79 10 30 8
79 12 12 8
79 12 14 8
79 12 26 8
79 12 28 8
79 12 30 8
79 14 12 8
79 14 26 8
79 14 28 8
79 14 30 8
79 16 12 8
79 16 14 8
79 16 24 8
79 16 26 8
79 16 28 8
79 18 14 8
79 18 16 8
79 18 18 8
79 18 22 8
79 18 24 8
79 18 26 8
79 20 16 8
79 20 18 8
79 20 20 8
79 20 22 8
79 22 16 8
79 22 18 8
79 22 20 8
79 22 22 8
79 22 24 8
79 24 14 8
79 24 16 8
79 24 18 8
79 24 24 8
79 24 26 8
79 24 28 8
79 26 12 8
79 26 14 8
79 26 16 8
79 26 26 8
79 26 28 8
79 26 30 8
79 28 10 8
79 28 12 8
79 28 14 8
79 28 28 8
79 28 30 8
79 28 32 8
79 30 10 8
79 30 12 8
79 30 28 8
79 30 30 8
79 30 32 8
79 32 10 8
79 32 12 8
79 32 28 8
79 32 30 8
79 32 32 8
79 34 10 8
79 34 12 8
79 34 14 8
79 34 26 8
79 34 28 8
79 34 30 8
79 34 32 8
79 36 10 8
79 36 12 8
79 36 14 8
79 36 16 8
79 36 18 8
79 36 20 8
79 36 22 8
79 36 24 8
79 36 26 8
79 36 28 8
79 36 30 8
79 38 16 8
79 38 18 8
79 38 20 8
79 38 22 8
79 38 24 8
79 38 26 8
79 38 28 8
80 6 16 8
80 6 18 8
80 6 20 8
80 6 22 8
80 6 24 8
80 8 14 8
80 8 16 8
80 8 24 8
80 8 26 8
80 10 12 8
80 10 14 8
80 10 26 8
80 12 12 8
80 12 14 8
80 12 26 8
80 14 12 8
80 14 14 8
80 14 26 8
80 16 14 8
80 16 16 8
80 16 24 8
80 16 26 8
80 18 16 8
80 18 18 8
80 18 20 8
80 18 22 8
80 18 24 8
80 20 16 8
80 20 18 8
80 20 20 8
80 20 22 8
80 22 14 8
80 22 16 8
80 22 22 8
80 22 24 8
80 22 26 8
80 24 12 8
80 24 14 8
80 24 26 8
80 24 28 8
80 26 12 8
80 26 28 8
80 28 12 8
80 28 28 8
80 30 12 8
80 30 28 8
80 32 12 8
80 32 14 8
80 32 26 8
80 32 28 8
80 34 14 8
80 34 16 8
80 34 18 8
80 34 20 8
80 34 22 8
80 34 24 8
80 34 26 8
80 36 16 8
80 36 18 8
80 36 20 8
80 36 22 8
81 6 18 8
81 6 20 8
81 6 22 8
81 8 16 8
81 8 26 8
81 10 14 8
81 10 28 8
81 12 14 8
81 12 28 8
81 14 14 8
81 14 28 8
81 16 14 8
81 16 16 8
81 16 26 8
81 18 16 8
81 18 18 8
81 18 20 8
81 18 24 8
81 20 16 8
81 20 20 8
81 20 22 8
81 20 24 8
81 22 14 8
81 22 24 8
81 22 26 8
81 24 12 8
81 24 14 8
81 24 26 8
81 24 28 8
81 26 12 8
81 26 28 8
81 26 30 8
81 28 12 8
81 28 28 8
81 28 30 8
81 30 12 8
81 30 30 8
81 32 12 8
81 32 28 8
81 32 30 8
81 34 14 8
81 34 28 8
81 36 16 8
81 36 26 8
81 38 22 8
82 6 18 8
82 6 20 8
82 6 22 8
82 6 24 8
82 8 14 8
82 8 16 8
82 8 18 8
82 8 20 8
82 8 22 8
82 8 24 8
82 8 26 8
82 8 28 8
82 10 14 8
82 10 16 8
82 10 24 8
82 10 26 8
82 10 28 8
82 12 12 8
82 12 14 8
82 12 16 8
82 12 26 8
82 12 28 8
82 14 12 8
82 14 14 8
82 14 16 8
82 14 24 8
82 14 26 8
82 14 28 8
82 16 14 8
82 16 16 8
82 16 18 8
82 16 22 8
82 16 24 8
82 16 26 8
82 16 28 8
82 18 16 8
82 18 18 8
82 18 20 8
82 18 22 8
82 18 24 8
82 20 16 8
82 20 18 8
82 20 20 8
82 20 22 8
82 20 24 8
82 22 14 8
82 22 16 8
82 22 18 8
82 22 22 8
82 22 24 8
82 22 26 8
82 22 28 8
82 24 12 8
82 24 14 8
82 24 16 8
82 24 26 8
82 24 28 8
82 24 30 8
82 26 10 8
82 26 12 8
82 26 14 8
82 26 26 8
82 26 28 8
82 26 30 8
82 28 10 8
82 28 12 8
82 28 14 8
82 28 28 8
82 28 30 8
82 28 32 8
82 30 10 8
82 30 12 8
82 30 14 8
82 30 28 8
82 30 30 8
82 30 32 8
82 32 10 8
82 32 12 8
82 32 14 8
82 32 16 8
82 32 26 8
82 32 28 8
82 32 30 8
82 32 32 8
82 34 12 8
82 34 14 8
82 34 16 8
82 34 18 8
82 34 20 8
82 34 22 8
82 34 24 8
82 34 26 8
82 34 28 8
82 34 30 8
82 34 32 8
82 36 14 8
82 36 16 8
82 36 18 8
82 36 20 8
82 36 22 8
82 36 24 8
82 36 26 8
82 36 28 8
82 36 30 8
82 38 16 8
82 38 18 8
82 38 20 8
82 38 22 8
82 38 24 8
82 38 26 8
83 6 20 8
83 8 18 8
83 8 20 8
83 8 22 8
83 8 24 8
83 8 26 8
83 10 16 8
83 10 18 8
83 10 26 8
83 10 28 8
83 12 14 8
83 12 16 8
83 12 28 8
83 14 14 8
83 14 16 8
83 14 28 8
83 16 16 8
83 16 28 8
83 18 14 8
83 18 16 8
83 18 18 8
83 18 20 8
83 18 26 8
83 18 28 8
83 20 12 8
83 20 14 8
83 20 16 8
83 20 20 8
83 20 22 8
83 20 24 8
83 20 26 8
83 22 12 8
83 22 14 8
83 22 26 8
83 22 28 8
83 24 12 8
83 24 14 8
83 24 28 8
83 26 12 8
83 26 14 8
83 26 28 8
83 28 12 8
83 28 14 8
83 28 22 8
83 28 28 8
83 28 30 8
83 30 12 8
83 30 14 8
83 30 24 8
83 30 26 8
83 30 28 8
83 32 12 8
83 32 14 8
83 32 16 8
83 32 24 8
83 32 26 8
83 32 28 8
83 34 14 8
83 34 16 8
83 34 18 8
83 34 24 8
83 34 26 8
83 36 16 8
83 36 18 8
83 36 20 8
83 36 22 8
83 36 24 8
84 6 14 8
84 8 8 8
84 8 10 8
84 8 22 8
84 8 24 8
84 10 6 8
84 10 8 8
84 12 6 8
84 12 8 8
84 14 6 8
84 14 8 8
84 14 30 8
84 16 8 8
84 16 10 8
84 16 28 8
84 18 10 8
84 18 12 8
84 18 14 8
84 18 16 8
84 18 18 8
84 18 20 8
84 18 22 8
84 18 24 8
84 18 26 8
84 20 8 8
84 20 10 8
84 20 12 8
84 20 14 8
84 20 26 8
84 20 28 8
84 22 4 8
84 22 6 8
84 22 8 8
84 22 30 8
84 24 2 8
84 24 4 8
84 24 6 8
84 24 32 8
84 26 2 8
84 26 4 8
84 26 32 8
84 28 0 8
84 28 2 8
84 28 32 8
84 30 0 8
84 30 2 8
84 30 32 8
84 32 0 8
84 32 2 8
84 32 30 8
84 34 0 8
84 34 2 8
84 34 28 8
84 34 30 8
84 36 0 8
84 36 2 8
84 36 4 8
84 36 24 8
84 36 26 8
84 36 28 8
84 38 2 8
84 38 4 8
84 38 6 8
84 38 8 8
84 38 10 8
84 38 12 8
84 38 14 8
84 38 16 8
84 38 18 8
84 38 20 8
84 38 22 8
84 38 24 8
85 6 18 8
85 6 20 8
85 6 22 8
85 8 16 8
85 8 22 8
85 8 24 8
85 10 14 8
85 10 16 8
85 10 24 8
85 12 14 8
85 12 16 8
85 12 24 8
85 14 14 8
85 14 16 8
85 14 24 8
85 16 16 8
85 16 18 8
85 16 22 8
85 18 16 8
85 18 18 8
85 18 20 8
85 18 22 8
85 20 18 8
85 20 20 8
85 20 22 8
85 20 24 8
85 22 16 8
85 22 20 8
85 22 22 8
85 22 24 8
85 24 14 8
85 24 16 8
85 24 22 8
85 24 24 8
85 24 26 8
85 26 14 8
85 26 16 8
85 26 24 8
85 26 26 8
85 28 14 8
85 28 24 8
85 28 26 8
85 30 14 8
85 30 26 8
85 32 14 8
85 32 16 8
85 32 24 8
85 32 26 8
85 34 14 8
85 34 16 8
85 34 24 8
85 34 26 8
85 36 16 8
85 36 18 8
85 36 20 8
85 36 22 8
85 36 24 8
86 6 18 10
86 6 20 10
86 8 14 10
86 8 16 10
86 8 18 10
86 8 22 10
86 8 24 10
86 10 14 10
86 10 24 10
86 10 26 10
86 12 12 10
86 12 14 10
86 12 26 10
86 14 12 10
86 14 14 10
86 14 26 10
86 14 28 10
86 16 10 10
86 16 12 10
86 16 26 10
86 16 28 10
86 18 10 10
86 18 12 10
86 18 26 10
86 18 28 10
86 20 10 10
86 20 12 10
86 20 28 10
86 22 10 10
86 22 12 10
86 22 28 10
86 24 10 10
86 24 12 10
86 24 28 10
86 26 10 10
86 26 12 10
86 26 28 10
86 28 10 10
86 28 12 10
86 28 28 10
86 30 10 10
86 30 12 10
86 30 26 10
86 30 28 10
86 32 12 10
86 32 14 10
86 32 26 10
86 32 28 10
86 34 12 10
86 34 14 10
86 34 26 10
86 34 28 10
86 36 12 10
86 36 14 10
86 36 16 10
86 36 24 10
86 36 26 10
86 38 14 10
86 38 16 10
86 38 18 10
86 38 20 10
86 38 22 10
86 38 24 10
87 6 12 8
87 6 14 8
87 6 16 8
87 6 18 8
87 6 20 8
87 6 22 8
87 8 10 8
87 8 12 8
87 8 14 8
87 8 16 8
87 8 18 8
87 8 20 8
87 8 22 8
87 8 24 8
87 8 26 8
87 10 10 8
87 10 12 8
87 10 14 8
87 10 16 8
87 10 24 8
87 10 26 8
87 12 10 8
87 12 12 8
87 12 14 8
87 12 16 8
87 12 24 8
87 12 26 8
87 12 28 8
87 14 10 8
87 14 12 8
87 14 14 8
87 14 16 8
87 14 24 8
87 14 26 8
87 14 28 8
87 16 10 8
87 16 12 8
87 16 14 8
87 16 16 8
87 16 18 8
87 16 20 8
87 16 22 8
87 16 24 8
87 16 26 8
87 18 12 8
87 18 14 8
87 18 16 8
87 18 18 8
87 18 20 8
87 18 22 8
87 18 24 8
87 20 14 8
87 20 16 8
87 20 18 8
87 20 20 8
87 20 22 8
87 20 24 8
87 20 26 8
87 22 12 8
87 22 14 8
87 22 16 8
87 22 18 8
87 22 20 8
87 22 22 8
87 22 24 8
87 22 26 8
87 22 28 8
87 24 10 8
87 24 12 8
87 24 14 8
87 24 22 8
87 24 24 8
87 24 26 8
87 24 28 8
87 26 8 8
87 26 10 8
87 26 12 8
87 26 14 8
87 26 24 8
87 26 26 8
87 26 28 8
87 28 8 8
87 28 10 8
87 28 12 8
87 28 14 8
87 28 24 8
87 28 26 8
87 28 28 8
87 30 8 8
87 30 10 8
87 30 12 8
87 30 14 8
87 30 24 8
87 30 26 8
87 30 28 8
87 32 8 8
87 32 10 8
87 32 12 8
87 32 14 8
87 32 16 8
87 32 18 8
87 32 20 8
87 32 22 8
87 32 24 8
87 32 26 8
87 34 10 8
87 34 12 8
87 34 14 8
87 34 16 8
87 34 18 8
87 34 20 8
87 34 22 8
87 34 24 8
87 34 26 8
87 36 12 8
87 36 14 8
87 36 16 8
87 36 18 8
87 36 20 8
87 36 22 8
88 4 18 9
88 6 14 9
88 6 16 9
88 6 22 9
88 6 24 9
88 8 12 9
88 8 14 9
88 8 24 9
88 8 26 9
88 10 12 9
88 10 14 9
88 10 26 9
88 12 10 9
88 12 12 9
88 12 26 9
88 12 28 9
88 14 10 9
88 14 12 9
88 14 26 9
88 14 28 9
88 16 10 9
88 16 12 9
88 16 14 9
88 16 26 9
88 16 28 9
88 18 12 9
88 18 14 9
88 18 26 9
88 18 28 9
88 20 12 9
88 20 14 9
88 20 24 9
88 20 26 9
88 20 28 9
88 22 14 9
88 22 16 9
88 22 18 9
88 22 20 9
88 22 22 9
88 22 26 9
88 22 28 9
88 24 16 9
88 24 18 9
88 24 20 9
88 24 26 9
88 24 28 9
88 26 26 9
88 26 28 9
88 28 26 9
88 30 24 9
88 30 26 9
88 32 12 9
88 32 14 9
88 32 16 9
88 32 24 9
88 34 12 9
88 34 14 9
88 34 16 9
88 34 22 9
88 36 16 9
88 36 18 9
89 6 18 9
89 6 20 9
89 6 22 9
89 6 24 9
89 8 14 9
89 8 16 9
89 8 18 9
89 8 24 9
89 8 26 9
89 10 14 9
89 10 16 9
89 10 26 9
89 10 28 9
89 12 12 9
89 12 14 9
89 12 28 9
89 14 12 9
89 14 28 9
89 14 30 9
89 16 12 9
89 16 28 9
89 16 30 9
89 18 12 9
89 18 14 9
89 18 26 9
89 18 28 9
89 18 30 9
89 20 14 9
89 20 26 9
89 20 28 9
89 20 30 9
89 22 14 9
89 22 16 9
89 22 24 9
89 22 28 9
89 22 30 9
89 24 18 9
89 24 20 9
89 24 22 9
89 24 28 9
89 24 30 9
89 26 28 9
89 28 14 9
89 28 26 9
89 28 28 9
89 30 14 9
89 30 26 9
89 30 28 9
89 32 16 9
89 32 18 9
89 32 22 9
89 32 24 9
89 32 26 9
89 34 18 9
89 34 20 9
89 34 22 9
90 4 18 9
90 4 20 9
90 4 22 9
90 4 24 9
90 4 26 9
90 6 14 9
90 6 16 9
90 6 18 9
90 6 20 9
90 6 22 9
90 6 24 9
90 6 26 9
90 6 28 9
90 6 30 9
90 8 12 9
90 8 14 9
90 8 16 9
90 8 20 9
90 8 22 9
90 8 24 9
90 8 26 9
90 8 28 9
90 8 30 9
90 10 10 9
90 10 12 9
90 10 14 9
90 10 16 9
90 10 22 9
90 10 24 9
90 10 26 9
90 10 28 9
90 10 30 9
90 10 32 9
90 12 10 9
90 12 12 9
90 12 14 9
90 12 16 9
90 12 22 9
90 12 24 9
90 12 26 9
90 12 28 9
90 12 30 9
90 12 32 9
90 12 34 9
90 14 8 9
90 14 10 9
90 14 12 9
90 14 14 9
90 14 16 9
90 14 22 9
90 14 24 9
90 14 26 9
90 14 28 9
90 14 30 9
90 14 32 9
90 14 34 9
90 16 8 9
90 16 10 9
90 16 12 9
90 16 14 9
90 16 16 9
90 16 22 9
90 16 24 9
90 16 26 9
90 16 28 9
90 16 30 9
90 16 32 9
90 16 34 9
90 18 8 9
90 18 10 9
90 18 12 9
90 18 14 9
90 18 16 9
90 18 22 9
90 18 24 9
90 18 26 9
90 18 28 9
90 18 30 9
90 18 32 9
90 18 34 9
90 20 8 9
90 20 10 9
90 20 12 9
90 20 14 9
90 20 16 9
90 20 18 9
90 20 22 9
90 20 24 9
90 20 26 9
90 20 28 9
90 20 30 9
90 20 32 9
90 20 34 9
90 22 10 9
90 22 12 9
90 22 14 9
90 22 16 9
90 22 18 9
90 22 22 9
90 22 24 9
90 22 26 9
90 22 28 9
90 22 30 9
90 22 32 9
90 22 34 9
90 24 12 9
90 24 14 9
90 24 16 9
90 24 18 9
90 24 20 9
90 24 22 9
90 24 24 9
90 24 26 9
90 24 28 9
90 24 30 9
90 24 32 9
90 26 14 9
90 26 16 9
90 26 18 9
90 26 20 9
90 26 22 9
90 26 24 9
90 26 26 9
90 26 28 9
90 26 30 9
90 26 32 9
90 28 22 9
90 28 24 9
90 28 26 9
90 28 28 9
90 28 30 9
90 30 22 9
90 30 24 9
90 30 26 9
90 30 28 9
90 32 20 9
90 32 22 9
90 32 24 9
90 32 26 9
90 34 12 9
90 34 14 9
90 34 16 9
90 34 18 9
90 34 20 9
90 34 22 9
91 6 18 9
91 6 22 9
91 8 16 9
91 8 24 9
91 10 16 9
91 10 24 9
91 12 14 9
91 12 26 9
91 14 14 9
91 14 26 9
91 16 14 9
91 16 26 9
91 18 14 9
91 18 16 9
91 18 24 9
91 18 26 9
91 20 16 9
91 20 24 9
91 20 26 9
91 22 18 9
91 22 20 9
91 22 26 9
91 24 26 9
91 26 26 9
91 28 24 9
91 28 26 9
91 30 16 9
91 30 24 9
91 32 16 9
91 32 24 9
91 34 14 9
91 34 24 9
91 36 18 9
91 36 20 9
91 36 22 9
92 2 14 9
92 2 16 9
92 2 18 9
92 2 20 9
92 2 22 9
92 2 24 9
92 4 12 9
92 4 14 9
92 4 24 9
92 4 26 9
92 6 12 9
92 6 14 9
92 6 26 9
92 6 28 9
92 8 10 9
92 8 12 9
92 8 26 9
92 8 28 9
92 10 10 9
92 10 12 9
92 10 28 9
92 10 30 9
92 12 10 9
92 12 12 9
92 12 28 9
92 12 30 9
92 14 10 9
92 14 12 9
92 14 28 9
92 14 30 9
92 16 10 9
92 16 12 9
92 16 14 9
92 16 28 9
92 16 30 9
92 18 12 9
92 18 14 9
92 18 26 9
92 18 28 9
92 18 30 9
92 20 12 9
92 20 14 9
92 20 16 9
92 20 18 9
92 20 24 9
92 20 26 9
92 20 28 9
92 22 16 9
92 22 18 9
92 22 20 9
92 22 22 9
92 22 26 9
92 22 28 9
92 24 26 9
92 26 24 9
92 26 26 9
92 28 22 9
92 28 24 9
92 30 20 9
92 30 22 9
92 32 16 9
92 32 18 9
93 2 20 9
93 4 16 9
93 4 18 9
93 4 22 9
93 4 24 9
93 6 16 9
93 6 18 9
93 6 22 9
93 6 24 9
93 6 26 9
93 8 16 9
93 8 18 9
93 8 22 9
93 8 24 9
93 8 26 9
93 10 16 9
93 10 18 9
93 10 22 9
93 10 24 9
93 12 16 9
93 12 18 9
93 12 22 9
93 12 24 9
93 14 16 9
93 14 18 9
93 14 22 9
93 14 24 9
93 16 16 9
93 16 18 9
93 16 22 9
93 16 24 9
93 18 16 9
93 18 18 9
93 18 22 9
93 18 24 9
93 20 16 9
93 20 18 9
93 20 22 9
93 20 24 9
93 22 22 9
93 22 24 9
93 24 22 9
93 24 24 9
93 26 16 9
93 26 18 9
93 26 22 9
93 26 24 9
93 28 16 9
93 28 18 9
93 28 22 9
93 28 24 9
93 30 16 9
93 30 18 9
93 30 22 9
93 30 24 9
93 32 16 9
93 32 18 9
93 32 22 9
93 32 24 9
93 34 18 9
93 34 20 9
93 34 22 9
94 4 18 9
94 4 20 9
94 4 22 9
94 6 16 9
94 6 18 9
94 6 20 9
94 6 22 9
94 6 24 9
94 8 14 9
94 8 26 9
94 10 14 9
94 10 26 9
94 12 12 9
94 12 26 9
94 12 28 9
94 14 12 9
94 14 26 9
94 14 28 9
94 16 12 9
94 16 26 9
94 16 28 9
94 18 14 9
94 18 26 9
94 18 28 9
94 20 14 9
94 20 24 9
94 20 28 9
94 22 16 9
94 22 18 9
94 22 20 9
94 22 22 9
94 22 28 9
94 24 28 9
94 26 26 9
94 28 14 9
94 28 26 9
94 30 14 9
94 30 24 9
94 32 16 9
94 32 18 9
94 32 20 9
94 32 22 9
95 2 18 9
95 2 20 9
95 2 22 9
95 2 24 9
95 4 16 9
95 4 24 9
95 4 26 9
95 6 14 9
95 6 26 9
95 6 28 9
95 8 14 9
95 8 26 9
95 8 28 9
95 10 12 9
95 10 14 9
95 10 28 9
95 12 12 9
95 12 28 9
95 14 12 9
95 14 28 9
95 14 30 9
95 16 12 9
95 16 14 9
95 16 28 9
95 18 14 9
95 18 28 9
95 20 14 9
95 20 28 9
95 22 16 9
95 22 24 9
95 22 26 9
95 22 28 9
95 24 26 9
95 26 24 9
95 26 26 9
95 28 24 9
95 30 20 9
95 30 22 9
95 32 16 9
95 32 18 9
95 32 20 9
